Sent packets 252
Processed packets 194
Holding times
9
17
21
32
49
57
98
122
149
178
181
186
199
218
230
251
282
335
357
361
371
394
404
413
420
429
454
476
494
535
549
583
608
651
676
709
753
788
821
914
955
996
1053
1128
1179
1227
1274
1338
1384
1431
1489
1574
1637
1702
1760
1830
1894
1970
2045
2151
2251
2343
2423
2490
2553
2625
2681
2739
2791
2868
2931
2981
3040
3113
3179
3236
3373
3416
3454
3505
3564
3621
3660
3765
3819
3900
3938
4004
4086
4144
4203
4288
4343
4394
4444
4491
4530
4573
4608
4649
4726
4762
4832
4886
4939
5022
5076
5162
5241
5317
5386
5455
5535
5611
5674
5741
5801
5853
5909
5971
6027
6092
6166
6217
6284
6340
6412
6468
6518
6568
6623
6689
6741
6791
6844
6900
6963
7032
7089
7159
7230
7294
7359
7446
7515
7584
7659
7735
7810
7878
7944
8021
8098
8159
8231
8292
8351
8408
8466
8532
8583
8637
8686
8732
8811
8887
8934
8984
9023
9074
9120
9182
9218
9266
9307
9336
9367
9391
9411
9443
9472
9504
9535
9578
9610
9640
9677
9714
9767
9802
9840
9881
9922
9959
Arrival times
9
12
13
32
49
57
98
122
149
177
181
186
199
218
230
251
282
300
317
324
332
358
376
389
401
414
429
468
494
524
540
583
608
651
676
709
753
788
821
914
955
996
1053
1128
1179
1227
1274
1338
1384
1431
1489
1574
1637
1702
1760
1830
1894
1970
2045
2151
2251
2343
2423
2490
2553
2625
2681
2739
2791
2868
2931
2981
3040
3113
3179
3236
3373
3412
3454
3505
3564
3621
3660
3765
3819
3871
3938
4004
4086
4144
4203
4288
4343
4394
4444
4491
4530
4573
4608
4647
4726
4750
4794
4821
4850
4859
4881
4904
4912
4964
4967
4981
5006
5038
5058
5069
5098
5109
5125
5155
5181
5203
5273
5294
5324
5363
5396
5437
5485
5551
5588
5641
5690
5773
5848
5901
5965
6046
6105
6174
6247
6314
6392
6453
6528
6597
6659
6724
6809
6870
6955
7019
7098
7163
7227
7291
7340
7388
7437
7506
7582
7634
7685
7722
7762
7841
7903
7931
7987
8017
8078
8117
8133
8155
8174
8193
8217
8264
8306
8395
8427
8496
8552
8603
8664
8774
8863
8933
8992
9055
9151
9218
9293
9395
9477
9567
9674
9775
9888
9977
