Sent packets 200
Processed packets 183
Holding times
9
17
21
26
57
77
79
80
83
86
98
109
136
167
191
208
222
227
259
276
302
315
363
380
428
443
502
538
555
596
652
690
713
749
779
832
889
934
980
1028
1093
1161
1248
1308
1376
1439
1507
1563
1634
1692
1760
1843
1922
1998
2081
2212
2309
2384
2471
2535
2629
2683
2771
2851
2905
2953
3012
3070
3129
3169
3206
3244
3280
3329
3365
3402
3441
3482
3572
3610
3654
3698
3759
3853
3988
4109
4209
4298
4396
4482
4571
4643
4724
4856
4919
4976
5040
5105
5154
5202
5256
5295
5342
5372
5413
5451
5487
5521
5562
5602
5648
5699
5763
5821
5881
5931
5993
6053
6119
6183
6247
6320
6388
6447
6519
6600
6663
6732
6801
6883
6950
7021
7086
7149
7203
7270
7333
7394
7494
7539
7588
7643
7691
7756
7814
7851
7877
7919
7942
7977
8000
8035
8118
8147
8165
8220
8240
8274
8297
8329
8367
8413
8457
8510
8555
8606
8660
8718
8786
8855
8915
8987
9050
9112
9186
9257
9328
9407
9491
9594
9688
9801
9913
Arrival times
9
17
21
25
27
34
38
45
47
51
63
64
136
167
170
202
214
226
241
276
302
315
363
373
428
442
502
529
544
596
652
680
709
733
772
832
889
934
980
1028
1093
1140
1183
1253
1299
1363
1425
1464
1520
1555
1604
1640
1713
1750
1802
1839
1897
1951
1988
2031
2087
2130
2182
2252
2311
2408
2474
2535
2631
2689
2770
2845
2916
3000
3075
3158
3231
3306
3386
3496
3589
3674
3759
3853
3988
4109
4209
4298
4396
4482
4571
4643
4724
4856
4919
4976
5040
5105
5154
5202
5256
5295
5331
5371
5413
5451
5487
5514
5559
5602
5642
5662
5689
5729
5761
5784
5834
5857
5875
5909
5950
5992
6007
6026
6055
6104
6133
6148
6169
6244
6270
6288
6338
6354
6385
6430
6446
6467
6503
6542
6592
6625
6665
6685
6706
6726
6754
6809
6846
6881
6912
6938
6967
7010
7079
7105
7138
7165
7194
7232
7264
7299
7338
7369
7410
7464
7512
7554
7593
7673
7722
7764
7809
7871
7907
7945
8007
8040
8109
8165
8226
8277
8316
8362
8407
8443
8485
8548
8597
8645
8693
8749
8797
8858
8929
8991
9064
9132
9214
9328
9410
9506
9610
9713
9829
9978
