Sent packets 218
Processed packets 221
Holding times
9
28
73
92
94
101
126
152
174
183
196
214
222
232
243
267
281
302
322
328
334
339
344
391
419
440
446
453
478
484
496
517
539
553
566
584
595
627
662
680
699
715
736
763
784
842
873
892
925
970
995
1016
1041
1078
1115
1146
1180
1232
1284
1325
1358
1396
1434
1462
1489
1515
1595
1632
1678
1697
1720
1740
1771
1788
1810
1830
1854
1910
1922
1947
1959
1977
2008
2029
2041
2073
2088
2114
2133
2145
2160
2185
2246
2305
2373
2438
2494
2538
2583
2625
2665
2713
2745
2808
2852
2887
2954
2993
3061
3108
3145
3201
3238
3273
3308
3351
3392
3444
3495
3534
3577
3637
3701
3771
3826
3894
3937
3988
4059
4129
4168
4226
4258
4336
4418
4540
4640
4714
4764
4825
4876
4952
5004
5052
5114
5167
5213
5255
5295
5338
5391
5438
5484
5523
5559
5595
5636
5673
5747
5785
5833
5887
5925
5964
6010
6045
6116
6166
6251
6327
6403
6501
6567
6677
6752
6805
6858
6919
6979
7087
7151
7249
7331
7410
7491
7582
7672
7775
7868
7954
8051
8133
8224
8307
8392
8495
8579
8661
8729
8832
8890
8939
9000
9058
9119
9182
9222
9270
9312
9353
9400
9475
9571
9631
9691
9744
9793
9837
9877
9930
9971
Arrival times
9
20
24
25
53
74
81
132
153
183
193
193
208
232
243
267
268
277
286
291
303
312
319
321
356
370
385
393
401
406
413
416
424
447
460
478
534
546
584
594
607
621
631
667
685
734
777
798
832
867
905
938
960
985
1022
1042
1066
1100
1148
1161
1171
1211
1219
1227
1252
1266
1271
1294
1300
1326
1377
1391
1409
1421
1435
1452
1478
1494
1511
1531
1578
1620
1662
1704
1777
1832
1888
1943
1995
2066
2122
2185
2246
2305
2373
2438
2494
2538
2583
2625
2665
2713
2743
2808
2852
2885
2904
2924
2966
2987
3015
3039
3097
3126
3155
3177
3207
3259
3289
3317
3346
3397
3436
3482
3527
3596
3658
3749
3830
3914
4021
4127
4236
4336
4418
4540
4640
4701
4760
4815
4864
4952
4999
5035
5057
5091
5112
5153
5168
5184
5214
5227
5250
5287
5342
5383
5410
5481
5509
5539
5609
5688
5735
5787
5877
5941
6015
6094
6200
6327
6403
6501
6567
6677
6732
6783
6855
6912
6956
7000
7055
7095
7125
7153
7213
7283
7329
7352
7383
7423
7468
7494
7513
7537
7560
7582
7605
7667
7693
7714
7757
7793
7879
7915
7961
7998
8043
8071
8133
8170
8202
8263
8419
8500
8553
8642
8686
8747
8818
8879
8940
8997
9052
9106
9167
9231
9303
9368
9445
9529
9620
9696
9780
9872
9938
9986
