Sent packets 0
Received packets 6820
Holding times
20
35
55
61
86
90
106
127
139
167
176
209
251
262
275
293
309
338
343
362
384
412
414
416
428
430
447
452
478
521
553
584
620
649
662
696
710
729
753
778
791
812
845
855
866
893
907
928
951
998
1061
1092
1126
1144
1168
1192
1236
1272
1309
1347
1399
1433
1467
1532
1577
1602
1629
1657
1683
1709
1734
1769
1808
1837
1862
1899
1941
1973
2003
2027
2043
2083
2140
2167
2205
2249
2293
2339
2405
2438
2491
2536
2608
2657
2691
2724
2768
2827
2857
2897
2926
2954
3003
3050
3097
3132
3169
3213
3244
3276
3333
3375
3415
3453
3510
3565
3607
3644
3685
3718
3765
3794
3824
3851
3874
3907
3946
3961
3981
4025
4051
4062
4069
4080
4101
4117
4137
4146
4157
4192
4193
4210
4227
4243
4280
4306
4318
4355
4367
4401
4434
4453
4521
4544
4582
4609
4655
4682
4729
4763
4792
4825
4862
4913
4948
4999
5044
5116
5150
5189
5227
5259
5303
5338
5377
5404
5435
5500
5533
5578
5605
5651
5677
5738
5761
5796
5818
5867
5899
5939
5967
6002
6037
6077
6123
6186
6225
6262
6312
6347
6387
6424
6483
6534
6631
6676
6710
6804
6840
6871
6905
6950
6981
7024
7044
7085
7104
7171
7199
7218
7241
7287
7298
7316
7326
7338
7367
7392
7397
7439
7478
7496
7507
7527
7536
7540
7544
7555
7569
7580
7607
7619
7643
7682
7707
7743
7760
7767
7781
7789
7821
7838
7847
7860
7876
7892
7961
7982
8024
8036
8051
8068
8087
8110
8126
8147
8163
8198
8243
8267
8323
8349
8413
8440
8462
8483
8506
8532
8552
8589
8612
8631
8670
8691
8724
8765
8804
8835
8873
8909
8946
9009
9045
9088
9112
9134
9159
9194
9214
9250
9272
9290
9312
9337
9361
9384
9402
9420
9462
9480
9506
9561
9578
9599
9633
9662
9689
9715
9740
9760
9797
9833
9871
9897
9938
9969
10014
10050
10115
10155
10196
10228
10262
10293
10331
10399
10428
10453
10487
10529
10572
10590
10609
10661
10676
10695
10745
10760
10789
10812
10823
10833
10861
10922
10940
10984
11018
11046
11062
11096
11118
11149
11178
11217
11249
11275
11311
11364
11394
11436
11492
11531
11567
11602
11634
11665
11686
11703
11728
11747
11765
11778
11811
11850
11875
11885
11891
11922
11967
12001
12018
12036
12055
12085
12113
12131
12150
12173
12204
12244
12265
12284
12319
12342
12369
12409
12435
12497
12523
12552
12578
12604
12638
12665
12698
12751
12793
12831
12856
12915
12962
12985
13033
13050
13068
13103
13117
13165
13175
13196
13205
13217
13224
13242
13253
13263
13272
13310
13320
13327
13335
13342
13353
13369
13383
13394
13406
13418
13427
13448
13458
13472
13489
13541
13567
13582
13603
13628
13646
13680
13713
13749
13788
13815
13844
13919
13956
13994
14029
14064
14092
14116
14143
14182
14208
14229
14284
14320
14338
14358
14373
14389
14422
14435
14452
14470
14496
14511
14560
14580
14602
14671
14701
14728
14757
14791
14826
14862
14906
14946
14983
15028
15068
15097
15146
15192
15226
15253
15291
15312
15330
15370
15384
15420
15428
15464
15469
15488
15490
15494
15506
15509
15512
15523
15529
15535
15547
15558
15573
15588
15600
15620
15647
15675
15707
15736
15759
15793
15846
15877
15904
15930
15966
15994
16022
16043
16062
16079
16111
16128
16144
16157
16182
16193
16211
16223
16249
16257
16274
16284
16297
16313
16326
16333
16368
16375
16388
16399
16410
16416
16421
16428
16442
16449
16540
16554
16569
16583
16619
16671
16703
16732
16764
16822
16858
16899
16959
16998
17070
17105
17137
17160
17196
17215
17238
17251
17262
17271
17291
17324
17337
17341
17346
17352
17363
17369
17373
17387
17398
17444
17457
17466
17474
17519
17556
17588
17618
17627
17634
17657
17670
17682
17694
17706
17723
17728
17729
17739
17747
17755
17783
17808
17814
17824
17838
17856
17865
17876
17907
17960
17976
18007
18028
18058
18095
18124
18151
18193
18225
18261
18296
18348
18397
18441
18507
18551
18588
18614
18655
18678
18725
18747
18782
18796
18819
18840
18858
18880
18928
18937
18941
18962
18968
18990
19011
19025
19038
19054
19062
19094
19103
19127
19161
19179
19198
19225
19246
19285
19357
19393
19426
19459
19500
19519
19557
19581
19598
19618
19649
19669
19693
19712
19732
19750
19799
19824
19839
19870
19886
19909
19922
19935
19954
19972
19985
20004
20014
20023
20044
20052
20070
20076
20089
20102
20134
20140
20178
20184
20197
20240
20244
20253
20265
20269
20276
20298
20307
20322
20327
20347
20384
20387
20397
20406
20409
20415
20425
20432
20438
20447
20454
20463
20470
20477
20482
20495
20508
20518
20530
20534
20560
20566
20579
20585
20591
20608
20614
20636
20648
20672
20682
20719
20730
20739
20754
20765
20776
20786
20795
20861
20874
20901
20913
20924
20944
20958
20995
21025
21038
21070
21084
21095
21108
21149
21158
21179
21188
21208
21224
21240
21248
21281
21289
21307
21324
21331
21349
21361
21381
21392
21411
21443
21470
21475
21487
21504
21526
21540
21548
21589
21609
21629
21657
21672
21701
21716
21726
21732
21753
21767
21836
21850
21865
21894
21913
21942
21990
22004
22028
22046
22069
22102
22148
22206
22229
22273
22354
22409
22437
22468
22493
22533
22575
22608
22635
22666
22709
22740
22792
22823
22855
22886
22913
22962
23014
23035
23062
23142
23184
23222
23277
23316
23342
23393
23452
23526
23587
23620
23656
23687
23708
23728
23766
23797
23815
23839
23874
23899
23932
23961
24000
24039
24066
24083
24115
24135
24165
24189
24204
24217
24237
24258
24273
24292
24311
24375
24399
24408
24416
24453
24463
24492
24511
24547
24578
24604
24620
24627
24632
24647
24661
24692
24700
24714
24728
24742
24782
24794
24809
24826
24862
24877
24896
24920
24946
24966
24989
25014
25043
25097
25129
25163
25195
25221
25263
25291
25327
25380
25411
25453
25487
25520
25552
25588
25622
25667
25729
25767
25792
25817
25844
25878
25904
25932
25968
25994
26016
26054
26087
26122
26175
26196
26219
26235
26252
26281
26303
26332
26355
26388
26422
26439
26458
26475
26495
26525
26554
26571
26593
26620
26640
26685
26711
26747
26779
26797
26816
26845
26864
26890
26908
26927
26942
27014
27031
27048
27107
27121
27136
27148
27159
27178
27196
27209
27230
27252
27267
27282
27310
27346
27384
27399
27418
27439
27456
27473
27491
27523
27553
27617
27644
27707
27754
27778
27800
27825
27847
27876
27895
27918
27965
27991
28013
28050
28078
28107
28129
28163
28194
28235
28271
28293
28330
28365
28392
28411
28431
28479
28505
28520
28540
28566
28583
28616
28631
28646
28660
28677
28702
28725
28739
28756
28779
28790
28808
28827
28855
28889
28910
28931
28950
28973
29022
29092
29108
29128
29155
29178
29216
29241
29288
29302
29322
29334
29346
29374
29392
29422
29485
29495
29511
29522
29560
29592
29604
29614
29625
29640
29655
29675
29681
29687
29699
29710
29733
29764
29775
29781
29792
29797
29807
29814
29820
29824
29847
29855
29859
29883
29889
29893
29902
29908
29918
29924
29938
29959
29968
29987
29992
30006
30011
30021
30025
30043
30052
30057
30079
30085
30100
30123
30135
30176
30185
30197
30212
30218
30229
30262
30302
30341
30368
30398
30425
30463
30492
30521
30544
30573
30591
30646
30667
30685
30712
30737
30763
30802
30826
30845
30875
30907
30919
30931
30946
30976
30989
31005
31024
31048
31069
31121
31136
31153
31171
31188
31212
31252
31271
31320
31363
31390
31414
31442
31465
31492
31523
31547
31572
31605
31632
31698
31723
31760
31786
31814
31841
31866
31891
31953
31971
31996
32009
32029
32049
32065
32094
32101
32111
32142
32182
32203
32209
32222
32242
32252
32263
32279
32292
32305
32333
32348
32359
32382
32404
32433
32451
32471
32505
32539
32566
32576
32588
32599
32621
32635
32651
32669
32684
32694
32706
32732
32745
32755
32771
32789
32800
32812
32823
32840
32850
32863
32880
32892
32919
32929
32948
32960
32970
32979
33043
33070
33087
33102
33123
33168
33182
33199
33209
33219
33240
33259
33292
33303
33316
33350
33385
33430
33489
33576
33620
33658
33692
33767
33804
33832
33885
33927
33958
33991
34028
34069
34126
34165
34202
34242
34282
34330
34378
34416
34464
34498
34552
34583
34619
34664
34698
34741
34774
34817
34853
34921
34950
35002
35034
35068
35094
35119
35151
35204
35228
35254
35290
35324
35343
35367
35388
35443
35482
35542
35594
35617
35646
35684
35728
35761
35793
35821
35854
35928
35955
35971
35982
36005
36025
36056
36070
36119
36140
36154
36164
36173
36228
36262
36288
36305
36347
36376
36433
36454
36490
36570
36585
36603
36617
36644
36657
36686
36696
36713
36744
36759
36796
36813
36849
36871
36892
36906
36915
36925
36940
36998
37027
37046
37060
37071
37086
37102
37117
37124
37142
37164
37195
37202
37213
37220
37231
37265
37280
37300
37311
37350
37356
37360
37388
37413
37430
37437
37452
37479
37517
37540
37555
37565
37584
37589
37598
37604
37654
37658
37685
37693
37698
37725
37741
37756
37785
37807
37841
37877
37887
37897
37919
37946
37969
37990
38021
38033
38042
38054
38102
38113
38129
38140
38152
38190
38210
38249
38299
38328
38353
38398
38422
38443
38476
38561
38585
38663
38721
38740
38772
38792
38851
38883
38902
38927
38960
38972
38980
38991
39002
39020
39038
39054
39075
39096
39101
39108
39124
39162
39197
39235
39283
39354
39422
39460
39527
39576
39636
39656
39680
39695
39740
39764
39819
39838
39897
39939
39960
39980
39996
40014
40056
40084
40121
40173
40201
40238
40273
40305
40344
40394
40425
40459
40493
40533
40572
40610
40653
40672
40697
40730
40756
40787
40807
40829
40852
40862
40878
40894
40908
40938
40966
40980
40990
41003
41020
41027
41040
41045
41051
41062
41080
41084
41115
41138
41152
41158
41210
41283
41336
41395
41442
41507
41533
41574
41613
41633
41662
41704
41739
41765
41799
41826
41887
41930
41959
41991
42040
42082
42115
42152
42189
42238
42274
42310
42378
42405
42446
42470
42509
42537
42567
42591
42604
42616
42637
42650
42677
42693
42714
42732
42743
42800
42804
42845
42870
42875
42913
42925
42936
42953
42995
43015
43038
43092
43109
43127
43156
43181
43201
43253
43287
43333
43372
43402
43448
43497
43540
43601
43653
43695
43733
43772
43815
43854
43888
43927
43982
44011
44063
44090
44164
44195
44266
44298
44319
44357
44390
44406
44429
44457
44495
44513
44538
44601
44620
44647
44666
44687
44732
44763
44815
44854
44883
44924
44978
44998
45017
45046
45087
45104
45127
45141
45157
45177
45203
45237
45248
45287
45317
45327
45344
45380
45393
45411
45420
45429
45443
45450
45456
45469
45477
45489
45498
45517
45528
45537
45545
45550
45570
45583
45591
45596
45604
45625
45650
45688
45698
45718
45746
45770
45797
45851
45879
45912
45950
45972
45996
46027
46068
46111
46119
46152
46184
46204
46220
46240
46264
46286
46305
46377
46421
46439
46461
46475
46515
46559
46571
46585
46618
46630
46644
46657
46683
46707
46718
46729
46765
46783
46812
46825
46845
46855
46866
46876
46895
46911
46924
46934
46944
46977
46987
47004
47027
47045
47059
47080
47105
47118
47129
47145
47172
47195
47219
47251
47269
47302
47321
47333
47369
47383
47437
47460
47486
47498
47522
47543
47558
47590
47614
47625
47660
47691
47717
47750
47780
47836
47871
47889
47908
47935
47960
47983
48057
48081
48101
48125
48162
48200
48238
48295
48312
48341
48361
48407
48433
48477
48538
48623
48646
48681
48689
48713
48731
48760
48780
48790
48839
48870
48883
48904
48911
48960
48992
49005
49014
49028
49046
49083
49116
49135
49144
49164
49177
49194
49203
49213
49221
49249
49261
49270
49296
49319
49328
49341
49360
49372
49386
49402
49437
49448
49474
49497
49512
49547
49572
49604
49656
49677
49704
49750
49771
49792
49810
49857
49953
49981
50002
50032
50073
50101
50125
50144
50170
50197
50221
50242
50261
50298
50334
50354
50373
50402
50417
50441
50484
50540
50560
50585
50608
50631
50652
50683
50726
50744
50764
50778
50821
50845
50865
50888
50908
50936
50957
51013
51027
51071
51088
51110
51131
51154
51182
51196
51222
51232
51271
51280
51289
51300
51307
51339
51354
51375
51408
51421
51431
51473
51483
51496
51513
51518
51530
51544
51566
51624
51658
51698
51711
51726
51744
51789
51822
51846
51871
51913
51925
51952
51966
51983
52007
52034
52052
52102
52135
52154
52199
52230
52252
52280
52311
52340
52366
52388
52415
52462
52487
52516
52548
52591
52613
52639
52663
52689
52711
52745
52768
52794
52815
52837
52873
52919
52944
52970
52994
53015
53044
53096
53119
53154
53173
53203
53238
53250
53268
53292
53317
53330
53340
53355
53364
53375
53384
53421
53428
53436
53443
53498
53504
53511
53520
53552
53574
53581
53627
53647
53654
53679
53694
53720
53742
53758
53792
53805
53825
53857
53871
53888
53920
53944
53989
54004
54031
54056
54075
54092
54112
54128
54154
54177
54192
54208
54247
54261
54273
54296
54308
54334
54345
54366
54387
54394
54414
54454
54464
54470
54499
54503
54508
54512
54527
54555
54579
54586
54603
54632
54680
54698
54719
54735
54772
54800
54817
54864
54897
54933
54975
55008
55059
55076
55095
55126
55140
55157
55194
55262
55279
55292
55308
55327
55372
55390
55406
55436
55450
55507
55525
55528
55533
55559
55571
55614
55631
55667
55687
55704
55708
55720
55725
55745
55769
55782
55807
55839
55877
55900
55912
55924
55932
55956
55989
56008
56037
56063
56084
56099
56121
56135
56147
56174
56201
56214
56230
56257
56295
56331
56358
56383
56409
56432
56448
56465
56507
56541
56573
56595
56614
56642
56689
56720
56752
56781
56802
56832
56857
56886
56916
56971
57015
57038
57072
57083
57105
57118
57143
57153
57186
57226
57266
57278
57306
57361
57389
57401
57479
57494
57518
57530
57542
57552
57562
57585
57604
57667
57689
57699
57731
57754
57800
57881
57915
57929
57952
57974
57992
58012
58044
58107
58127
58152
58182
58228
58244
58269
58297
58312
58334
58348
58374
58388
58408
58424
58460
58476
58504
58530
58549
58574
58592
58617
58646
58665
58675
58691
58730
58748
58787
58810
58828
58847
58896
58920
58972
59008
59042
59095
59106
59128
59149
59161
59174
59232
59288
59304
59339
59369
59402
59419
59439
59452
59464
59516
59535
59560
59571
59617
59641
59669
59705
59730
59746
59771
59795
59834
59903
59940
59967
59995
60028
60068
60115
60155
60171
60214
60230
60248
60260
60286
60323
60340
60366
60394
60482
60530
60579
60608
60647
60709
60762
60789
60858
60929
60971
61016
61056
61121
61155
61172
61322
61351
61393
61426
61468
61503
61536
61576
61630
61683
61717
61771
61805
61880
61919
61998
62042
62078
62141
62185
62241
62291
62338
62384
62431
62476
62538
62606
62658
62723
62775
62801
62835
62871
62901
62932
62975
63009
63038
63089
63148
63188
63225
63261
63304
63333
63361
63389
63417
63441
63469
63497
63534
63554
63605
63649
63679
63693
63711
63723
63756
63766
63790
63812
63830
63845
63890
63944
63987
64018
64062
64081
64090
64100
64113
64122
64139
64163
64176
64196
64207
64220
64233
64266
64278
64305
64336
64364
64387
64404
64419
64448
64463
64475
64514
64577
64610
64639
64673
64717
64752
64775
64826
64865
64900
64942
64969
65017
65068
65109
65138
65183
65218
65240
65263
65284
65306
65341
65387
65423
65448
65479
65504
65523
65541
65614
65639
65657
65697
65721
65792
65837
65881
65904
65928
65949
65977
66009
66048
66074
66097
66132
66165
66197
66221
66285
66312
66337
66360
66422
66442
66521
66553
66583
66603
66621
66669
66695
66723
66747
66768
66815
66839
66870
66890
66913
66939
66974
66993
67017
67034
67057
67104
67129
67147
67185
67203
67218
67234
67256
67310
67371
67385
67416
67428
67469
67480
67504
67519
67533
67542
67554
67573
67590
67610
67624
67647
67657
67667
67679
67694
67703
67713
67725
67736
67755
67765
67777
67791
67799
67809
67815
67864
67881
67906
67941
67960
67974
68009
68026
68048
68066
68097
68137
68149
68163
68230
68242
68311
68332
68356
68382
68405
68435
68456
68474
68508
68524
68543
68561
68620
68631
68646
68671
68683
68701
68719
68731
68738
68764
68780
68802
68807
68816
68832
68847
68853
68862
68877
68893
68927
68938
68947
68952
69010
69027
69036
69047
69056
69072
69085
69099
69107
69121
69156
69172
69195
69223
69259
69272
69295
69304
69312
69318
69337
69347
69367
69374
69392
69404
69412
69422
69425
69442
69459
69525
69529
69530
69534
69545
69564
69589
69609
69646
69670
69693
69709
69734
69748
69772
69794
69811
69834
69857
69879
69908
69923
69936
69950
70002
70013
70099
70116
70139
70193
70217
70263
70291
70316
70339
70366
70414
70436
70455
70475
70496
70519
70550
70568
70590
70621
70638
70661
70725
70740
70756
70793
70807
70821
70884
70934
70953
70967
70982
71013
71031
71057
71071
71083
71112
71153
71177
71198
71223
71295
71319
71339
71364
71399
71416
71435
71451
71471
71493
71547
71562
71579
71608
71629
71649
71669
71691
71704
71723
71742
71827
71899
71923
71946
71962
71981
71995
72029
72059
72073
72115
72134
72149
72175
72198
72222
72245
72277
72318
72336
72382
72399
72414
72429
72455
72471
72486
72503
72519
72548
72584
72617
72637
72670
72692
72703
72718
72736
72761
72772
72780
72789
72825
72840
72855
72876
72904
72932
72972
73004
73046
73080
73115
73149
73179
73224
73252
73304
73333
73367
73431
73464
73490
73530
73555
73583
73691
73725
73745
73787
73824
73853
73897
73931
73951
73992
74020
74052
74089
74116
74152
74179
74202
74227
74250
74290
74331
74366
74393
74421
74450
74498
74531
74554
74588
74612
74634
74661
74688
74730
74763
74821
74871
74926
74973
75018
75067
75141
75175
75214
75249
75285
75337
75457
75489
75552
75605
75652
75694
75753
75783
75815
75871
75921
75953
75982
76028
76061
76091
76152
76196
76239
76263
76303
76323
76353
76378
76400
76417
76443
76462
76476
76505
76519
76551
76568
76583
76592
76602
76620
76629
76642
76657
76664
76678
76687
76695
76701
76721
76741
76749
76759
76771
76782
76794
76803
76822
76838
76876
76943
76957
77007
77026
77063
77067
77088
77094
77110
77124
77133
77141
77165
77174
77185
77195
77206
77250
77273
77295
77313
77339
77385
77489
77506
77533
77544
77578
77616
77647
77704
77721
77741
77770
77787
77803
77857
77879
77905
77923
77948
77981
78014
78050
78073
78107
78131
78164
78199
78232
78266
78290
78312
78342
78373
78397
78425
78485
78524
78551
78573
78618
78649
78689
78723
78762
78804
78825
78872
78925
78952
78982
79022
79051
79088
79108
79147
79167
79206
79223
79252
79276
79299
79327
79345
79365
79393
79407
79423
79446
79467
79487
79522
79535
79549
79600
79620
79637
79654
79681
79702
79727
79753
79768
79786
79809
79847
79866
79887
79905
79920
79965
79980
80005
80012
80035
80043
80064
80104
80144
80182
80226
80265
80293
80321
80372
80398
80428
80456
80526
80547
80566
80580
80606
80640
80665
80711
80750
80799
80864
80899
80948
80970
81011
81034
81078
81125
81154
81191
81226
81267
81315
81351
81417
81456
81496
81545
81592
81621
81687
81715
81740
81786
81809
81842
81872
81909
81936
81967
81995
82018
82063
82097
82140
82198
82232
82251
82349
82395
82411
82436
82464
82479
82495
82512
82541
82555
82580
82595
82611
82636
82656
82669
82697
82733
82752
82765
82788
82805
82877
82896
82913
82920
82933
82954
82967
82976
82989
82994
83011
83028
83041
83054
83060
83074
83078
83115
83122
83139
83144
83158
83163
83178
83205
83217
83230
83244
83274
83300
83342
83391
83432
83460
83493
83525
83606
83641
83670
83716
83735
83859
83889
83909
83942
83976
84001
84047
84063
84087
84116
84138
84155
84169
84189
84216
84236
84249
84281
84294
84314
84325
84336
84389
84414
84423
84433
84454
84461
84465
84494
84501
84514
84518
84540
84541
84545
84553
84556
84588
84591
84604
84605
84628
84632
84687
84724
84732
84763
84778
84788
84805
84826
84845
84860
84869
84877
84910
84940
84972
84988
85010
85060
85074
85087
85099
85112
85124
85144
85164
85193
85224
85244
85261
85279
85296
85323
85353
85383
85395
85415
85434
85464
85491
85517
85538
85585
85661
85688
85708
85722
85744
85758
85791
85815
85834
85856
85880
85916
85946
85974
86005
86023
86047
86061
86091
86129
86160
86168
86172
86182
86219
86244
86255
86264
86309
86352
86383
86421
86461
86479
86508
86531
86554
86596
86625
86654
86668
86686
86706
86726
86757
86781
86822
86849
86865
86889
86902
86940
86966
86999
87035
87059
87132
87161
87207
87239
87282
87308
87344
87370
87443
87457
87471
87482
87497
87509
87528
87582
87602
87617
87629
87640
87652
87683
87699
87722
87742
87760
87785
87805
87827
87850
87865
87884
87913
87926
87940
87956
87967
87988
88002
88037
88048
88059
88071
88080
88107
88118
88170
88205
88220
88228
88260
88276
88349
88370
88407
88422
88444
88468
88486
88511
88527
88561
88589
88602
88621
88706
88711
88730
88739
88770
88815
88818
88833
88853
88879
88898
88954
88989
89026
89044
89071
89096
89125
89150
89177
89216
89264
89292
89318
89359
89397
89479
89526
89562
89597
89619
89641
89669
89751
89776
89806
89836
89890
89927
89968
90040
90089
90111
90154
90180
90198
90214
90230
90311
90320
90338
90364
90389
90414
90438
90451
90468
90481
90525
90550
90563
90585
90600
90653
90676
90696
90703
90732
90771
90785
90822
90941
90961
90984
90992
91004
91020
91065
91075
91104
91123
91134
91142
91155
91165
91172
91212
91223
91235
91252
91259
91267
91291
91301
91312
91323
91341
91349
91358
91370
91377
91382
91397
91417
91426
91461
91477
91484
91493
91513
91525
91548
91556
91578
91603
91611
91617
91641
91648
91661
91673
91693
91710
91755
91790
91841
91853
91890
91935
91984
91996
92003
92036
92053
92094
92112
92164
92198
92230
92252
92303
92319
92364
92412
92448
92465
92482
92500
92558
92571
92596
92605
92636
92677
92696
92741
92760
92772
92791
92804
92832
92899
92975
93009
93051
93077
93085
93103
93110
93146
93158
93193
93223
93236
93271
93293
93316
93328
93343
93363
93386
93420
93438
93453
93481
93506
93531
93564
93591
93614
93642
93666
93689
93726
93765
93788
93833
93859
93885
93917
93941
93967
94020
94050
94069
94090
94133
94215
94238
94297
94309
94332
94347
94379
94387
94403
94413
94442
94453
94462
94487
94498
94517
94528
94543
94555
94560
94579
94673
94719
94742
94754
94763
94779
94801
94825
94857
94880
94918
94947
94976
95014
95039
95074
95114
95136
95155
95194
95206
95244
95297
95380
95405
95423
95448
95469
95487
95539
95568
95596
95620
95643
95661
95688
95715
95746
95776
95805
95830
95859
95881
95917
95946
95973
96050
96082
96113
96139
96203
96222
96262
96285
96301
96315
96326
96343
96380
96395
96416
96428
96444
96482
96503
96510
96553
96580
96599
96608
96619
96627
96672
96681
96704
96720
96733
96749
96771
96819
96836
96843
96852
96856
96862
96868
96876
96907
96910
96927
96936
96944
96947
96960
96986
97016
97039
97049
97054
97062
97101
97118
97128
97141
97152
97167
97174
97191
97198
97233
97274
97298
97311
97349
97387
97421
97437
97456
97481
97498
97520
97588
97609
97651
97684
97696
97724
97740
97762
97791
97861
97877
97898
97964
97987
98034
98049
98074
98088
98156
98176
98195
98220
98259
98274
98295
98317
98332
98345
98363
98381
98399
98429
98460
98481
98518
98537
98569
98589
98609
98626
98642
98669
98709
98739
98783
98808
98839
98893
98923
98961
98979
99005
99036
99080
99096
99114
99136
99153
99178
99209
99243
99272
99284
99299
99311
99344
99368
99420
99435
99451
99471
99480
99501
99516
99528
99550
99567
99576
99649
99664
99685
99701
99727
99744
99763
99784
99799
99836
99872
99890
99901
99921
99944
99958
99971
100002
100034
100050
100066
100131
100145
100161
100184
100202
100245
100311
100363
100383
100426
100454
100483
100498
100520
100540
100570
100581
100609
100623
100673
100693
100732
100775
100790
100828
100856
100882
100903
100934
100950
100973
100999
101029
101075
101098
101122
101158
101186
101216
101240
101262
101296
101337
101359
101389
101408
101445
101465
101491
101509
101533
101550
101590
101608
101646
101678
101705
101725
101746
101771
101801
101840
101862
101884
101928
101956
101986
102015
102038
102073
102105
102173
102207
102235
102285
102333
102374
102408
102440
102547
102606
102640
102668
102697
102740
102774
102803
102833
102858
102879
102909
102938
102956
102974
102995
103012
103047
103087
103116
103159
103189
103204
103213
103239
103248
103258
103270
103285
103305
103330
103354
103363
103374
103391
103400
103424
103459
103465
103482
103496
103554
103563
103580
103592
103601
103622
103645
103658
103667
103677
103710
103721
103748
103757
103797
103825
103876
103887
103900
103921
103949
104017
104033
104043
104074
104118
104132
104158
104176
104194
104215
104225
104254
104265
104288
104295
104305
104322
104343
104387
104395
104414
104435
104445
104462
104494
104511
104573
104584
104590
104605
104626
104643
104670
104683
104698
104714
104725
104733
104743
104750
104780
104819
104838
104850
104876
104889
104913
104924
104937
104957
104977
104992
105004
105029
105062
105100
105115
105147
105164
105187
105209
105222
105236
105263
105280
105304
105330
105340
105360
105378
105398
105407
105425
105456
105465
105502
105518
105524
105533
105548
105575
105591
105599
105604
105613
105632
105641
105678
105705
105723
105751
105769
105781
105797
105807
105825
105841
105857
105888
105904
105919
105933
105946
105997
106026
106045
106061
106090
106117
106140
106178
106202
106230
106248
106270
106294
106307
106328
106347
106359
106396
106429
106444
106468
106486
106497
106509
106541
106566
106580
106602
106629
106671
106680
106691
106702
106748
106799
106825
106867
106891
106914
106930
106994
107012
107030
107051
107089
107104
107132
107165
107180
107198
107223
107238
107263
107275
107305
107347
107373
107428
107441
107475
107488
107505
107513
107521
107529
107539
107547
107560
107571
107634
107642
107665
107674
107683
107710
107736
107759
107774
107781
107796
107835
107847
107856
107866
107874
107902
107913
107919
107933
107953
107981
107996
108025
108044
108058
108093
108108
108129
108144
108155
108182
108211
108245
108256
108267
108278
108289
108331
108363
108381
108406
108422
108445
108504
108530
108556
108608
108625
108658
108715
108789
108842
108861
108893
108917
108942
109010
109032
109053
109086
109103
109126
109140
109170
109195
109206
109223
109262
109312
109343
109352
109361
109392
109410
109428
109438
109447
109461
109477
109487
109494
109505
109533
109611
109642
109652
109670
109684
109698
109731
109742
109748
109759
109778
109849
109859
109890
109909
109925
110014
110017
110037
110041
110043
110045
110069
110085
110088
110095
110133
110161
110218
110244
110266
110307
110326
110346
110378
110406
110422
110458
110487
110505
110528
110544
110580
110616
110629
110646
110668
110686
110711
110753
110754
110768
110781
110802
110864
110907
110927
110946
110978
110994
111024
111031
111039
111068
111100
111110
111135
111141
111171
111186
111194
111214
111228
111242
111263
111280
111384
111397
111421
111432
111471
111498
111564
111684
111710
111742
111759
111779
111815
111863
111903
111959
111992
112008
112026
112051
112096
112131
112149
112181
112232
112249
112313
112327
112347
112367
112394
112407
112420
112436
112450
112464
112491
112504
112528
112550
112568
112587
112639
112665
112678
112724
112811
112827
112839
112895
112909
112982
113013
113050
113067
113086
113112
113137
113161
113193
113218
113244
113263
113291
113322
113342
113363
113390
113413
113436
113499
113524
113538
113563
113582
113614
113630
113655
113674
113697
113718
113753
113771
113787
113812
113834
113853
113865
113877
113894
113942
113964
114006
114036
114056
114077
114085
114112
114126
114144
114159
114166
114181
114191
114208
114218
114232
114256
114291
114306
114312
114318
114336
114352
114362
114366
114415
114426
114452
114477
114486
114498
114505
114543
114550
114569
114595
114617
114640
114666
114725
114777
114796
114815
114836
114921
114940
114973
115006
115066
115088
115106
115130
115159
115203
115237
115263
115278
115300
115331
115353
115364
115384
115412
115432
115463
115474
115504
115536
115552
115570
115588
115597
115626
115651
115704
115740
115755
115768
115805
115836
115905
115920
115945
115961
115977
115992
116015
116031
116050
116063
116109
116133
116157
116167
116188
116201
116234
116248
116285
116292
116318
116327
116340
116358
116392
116428
116448
116475
116494
116526
116543
116570
116652
116681
116704
116724
116741
116767
116794
116810
116840
116863
116887
116912
116932
117026
117045
117095
117124
117145
117164
117187
117210
117241
117267
117318
117333
117400
117429
117453
117468
117526
117563
117602
117628
117670
117707
117725
117748
117768
117799
117822
117887
117902
117916
117932
117968
117990
118040
118062
118124
118148
118189
118225
118244
118260
118291
118329
118346
118368
118385
118426
118479
118503
118530
118608
118630
118653
118665
118721
118738
118755
118776
118785
118798
118810
118833
118874
118889
118902
118919
118939
118984
118996
119012
119031
119045
119066
119081
119101
119124
119144
119167
119187
119209
119237
119261
119292
119338
119368
119398
119437
119463
119491
119586
119612
119648
119674
119701
119749
119794
119820
119837
119881
119902
119920
119934
119949
119963
119983
120007
120031
120061
120074
120091
120123
120145
120166
120179
120193
120234
120259
120276
120288
120307
120328
120353
120404
120433
120469
120472
120499
120530
120546
120559
120591
120610
120629
120654
120676
120724
120750
120765
120792
120869
120892
120936
120963
120980
120997
121013
121034
121053
121090
121109
121128
121171
121189
121214
121241
121260
121280
121303
121320
121344
121382
121408
121438
121454
121494
121512
121531
121552
121606
121629
121665
121685
121702
121720
121746
121785
121811
121834
121857
121890
121925
121955
121979
122011
122042
122086
122160
122187
122206
122257
122282
122311
122350
122371
122387
122416
122440
122482
122498
122516
122541
122574
122595
122632
122653
122670
122702
122715
122749
122763
122791
122803
122817
122831
122857
122877
122885
122904
122911
122918
122932
122954
122961
122972
122982
122993
123029
123042
123063
123122
123137
123140
123145
123165
123197
123208
123286
123326
123344
123355
123365
123384
123403
123411
123432
123440
123477
123494
123516
123550
123559
123578
123582
123591
123607
123631
123655
123670
123677
123681
123689
123693
123718
123731
123735
123752
123760
123787
123801
123803
123811
123856
123870
123877
123900
123908
123925
123950
123963
123982
124047
124070
124078
124090
124097
124123
124147
124165
124167
124173
124190
124202
124241
124262
124318
124322
124327
124395
124433
124445
124459
124473
124510
124548
124603
124639
124698
124720
124746
124794
124817
124852
124868
124889
124907
124930
125009
125047
125078
125135
125192
125244
125270
125308
125378
125449
125486
125532
125586
125663
125710
125782
125815
125847
125902
125944
125984
126038
126084
126107
126138
126174
126206
126233
126270
126303
126329
126359
126395
126456
126500
126533
126617
126653
126736
126757
126833
126880
126905
126923
126939
126981
127031
127047
127073
127092
127127
127141
127161
127169
127208
127238
127262
127271
127284
127290
127335
127341
127373
127413
127426
127435
127453
127480
127499
127525
127527
127543
127570
127583
127594
127615
127635
127704
127726
127740
127761
127788
127814
127847
127864
127908
127949
127984
128005
128026
128056
128083
128102
128119
128164
128182
128205
128222
128237
128255
128277
128290
128316
128331
128349
128364
128383
128416
128421
128447
128486
128513
128529
128545
128565
128605
128636
128660
128691
128708
128754
128768
128783
128814
128855
128874
128926
128984
129052
129079
129125
129141
129159
129183
129215
129251
129278
129356
129437
129468
129491
129526
129544
129572
129597
129627
129648
129717
129745
129790
129827
129885
129923
129973
130000
130037
130087
130114
130163
130189
130238
130317
130365
130380
130423
130440
130461
130485
130515
130539
130572
130691
130731
130758
130817
130831
130842
130884
130893
130907
130922
130934
130943
130953
130987
131008
131022
131081
131095
131107
131128
131138
131152
131165
131187
131206
131217
131274
131294
131312
131374
131398
131410
131442
131448
131487
131490
131492
131501
131503
131508
131526
131540
131548
131560
131580
131593
131608
131612
131639
131658
131675
131698
131719
131726
131745
131762
131775
131807
131828
131838
131854
131879
131889
131903
131921
132002
132017
132033
132055
132096
132131
132151
132178
132201
132231
132297
132322
132340
132364
132390
132428
132460
132480
132522
132540
132558
132581
132620
132636
132654
132688
132705
132722
132758
132782
132824
132900
132938
132968
133001
133037
133103
133129
133174
133204
133230
133259
133280
133303
133327
133358
133386
133410
133443
133472
133496
133520
133559
133578
133596
133624
133647
133686
133713
133731
133767
133779
133803
133842
133880
133926
133942
133951
133959
133965
133979
134002
134016
134030
134049
134059
134084
134109
134145
134166
134193
134214
134236
134274
134295
134316
134375
134409
134493
134553
134572
134596
134622
134650
134674
134690
134711
134749
134781
134797
134840
134880
134892
134916
134943
134970
135016
135036
135083
135102
135158
135203
135245
135265
135291
135320
135355
135386
135433
135461
135493
135517
135540
135564
135607
135633
135677
135699
135806
135847
135877
135933
135948
135969
136010
136085
136130
136155
136213
136245
136276
136300
136335
136361
136415
136440
136477
136504
136556
136586
136615
136647
136683
136721
136765
136805
136843
136880
136921
136976
137031
137086
137127
137168
137209
137250
137297
137338
137391
137441
137494
137526
137572
137596
137665
137695
137711
137745
137780
137812
137865
137916
137935
137946
137971
137993
138056
138067
138083
138093
138098
138123
138164
138177
138208
138220
138249
138291
138317
138326
138337
138345
138355
138370
138381
138409
138443
138467
138478
138496
138514
138525
138562
138576
138617
138648
138678
138694
138715
138743
138775
138791
138812
138841
138873
138913
138950
138975
138993
139025
139047
139072
139103
139123
139144
139167
139189
139207
139227
139239
139265
139273
139284
139301
139307
139322
139390
139401
139410
139460
139494
139508
139545
139551
139560
139598
139603
139626
139653
139712
139769
139807
139839
139883
139918
139951
139987
140028
140064
140106
140133
140209
140234
140274
140325
140352
140373
140398
140427
140450
140471
140530
140546
140574
140595
140613
140634
140653
140694
140714
140761
140798
140830
140859
140882
140922
140942
140991
141031
141049
141098
141125
141151
141173
141204
141225
141248
141295
141329
141355
141381
141423
141461
141553
141575
141597
141631
141689
141765
141788
141818
141851
141877
141911
141943
141969
141995
142073
142101
142128
142157
142200
142224
142248
142301
142348
142375
142400
142437
142463
142503
142543
142580
142616
142643
142668
142688
142718
142770
142797
142820
142854
142874
142901
142917
142928
142942
143003
143038
143088
143143
143175
143215
143243
143275
143296
143334
143357
143374
143388
143412
143432
143450
143495
143514
143525
143560
143583
143645
143717
143732
143758
143796
143813
143836
143852
143869
143886
143908
143923
143936
143958
143977
144009
144026
144065
144083
144115
144134
144160
144185
144209
144244
144271
144301
144326
144356
144387
144414
144433
144454
144481
144495
144512
144525
144539
144551
144562
144575
144597
144613
144630
144642
144661
144671
144684
144713
144757
144770
144784
144786
144805
144816
144827
144828
144831
144841
144849
144851
144857
144860
144864
144881
144884
144891
144903
144910
144931
144946
144978
144986
144995
145003
145017
145036
145045
145081
145097
145115
145152
145185
145201
145250
145276
145306
145344
145369
145399
145430
145466
145514
145561
145606
145642
145680
145721
145759
145802
145833
145867
145924
145967
146020
146065
146093
146118
146147
146177
146207
146236
146257
146284
146308
146335
146385
146430
146448
146483
146523
146548
146568
146595
146623
146642
146661
146682
146728
146745
146799
146838
146861
146883
146902
146936
146956
146983
147008
147031
147063
147088
147116
147147
147172
147213
147241
147264
147312
147342
147364
147385
147411
147430
147464
147502
147558
147577
147598
147628
147657
147682
147732
147752
147781
147808
147829
147855
147909
147932
147957
147986
148027
148054
148087
148109
148127
148193
148225
148247
148269
148296
148312
148337
148362
148392
148409
148428
148447
148473
148491
148512
148526
148549
148566
148597
148621
148643
148689
148711
148743
148766
148827
148853
148877
148914
148928
148939
148963
148973
148984
149004
149013
149023
149069
149080
149097
149114
149121
149134
149151
149160
149168
149172
149181
149202
149208
149240
149260
149288
149299
149325
149334
149335
149337
149342
149349
149373
149392
149394
149400
149405
149413
149418
149434
149466
149479
149485
149489
149507
149520
149525
149586
149612
149622
149635
149652
149657
149677
149681
149685
149698
149703
149708
149716
149738
149751
149759
149769
149781
149787
149817
149859
149865
149872
149878
149886
149893
149902
149910
149922
149947
149959
149972
149983
149990
150017
150040
150054
150064
150082
150110
150125
150144
150172
150212
150244
150273
150311
150332
150344
150367
150392
150415
150436
150452
150476
150493
150513
150553
150574
150595
150617
150657
150680
150712
150739
150772
150799
150828
150892
150955
150983
151014
151040
151075
151100
151129
151196
151227
151250
151275
151298
151339
151363
151400
151423
151446
151485
151508
151538
151564
151600
151626
151656
151714
151752
151786
151843
151871
151917
151959
151995
152032
152075
152114
152144
152189
152229
152268
152318
152369
152424
152462
152500
152552
152595
152636
152677
152724
152767
152808
152881
152937
152992
153039
153076
153109
153153
153214
153244
153300
153338
153361
153385
153419
153449
153487
153513
153556
153583
153626
153660
153707
153731
153754
153789
153818
153838
153872
153887
153903
153927
153944
153964
153981
154004
154038
154051
154085
154103
154118
154134
154168
154181
154193
154212
154282
154310
154358
154414
154473
154500
154532
154553
154632
154672
154694
154718
154758
154780
154815
154840
154862
154882
154897
154914
154934
154979
155001
155029
155052
155077
155101
155124
155157
155177
155211
155228
155245
155277
155308
155334
155372
155423
155447
155466
155488
155529
155569
155590
155612
155636
155655
155679
155695
155717
155754
155789
155814
155842
155870
155883
155904
155923
155943
155956
155970
155983
156005
156039
156070
156109
156140
156185
156201
156210
156225
156283
156294
156313
156322
156334
156348
156370
156383
156395
156413
156457
156470
156488
156500
156528
156555
156573
156588
156602
156613
156644
156656
156670
156687
156698
156715
156757
156787
156833
156868
156883
156897
156917
156942
156957
156985
157002
157017
157032
157045
157084
157127
157197
157240
157306
157349
157388
157428
157485
157565
157605
157649
157701
157742
157773
157813
157839
157879
157909
157942
157978
157999
158023
158058
158096
158153
158195
158215
158226
158233
158242
158253
158264
158332
158358
158376
158396
158426
158444
158488
158513
158535
158561
158591
158614
158655
158718
158737
158765
158785
158825
158864
158890
158915
158983
159034
159071
159110
159154
159201
159237
159270
159315
159345
159376
159412
159472
159507
159577
159611
159658
159688
159716
159758
159786
159830
159856
159882
159928
159960
160016
160047
160102
160127
160161
160198
160233
160267
160298
160321
160351
160397
160434
160497
160534
160557
160573
160592
160619
160636
160677
160729
160757
160779
160802
160822
160843
160884
160927
160944
160960
160973
161002
161022
161043
161077
161092
161114
161129
161168
161181
161202
161221
161233
161257
161307
161328
161341
161358
161371
161392
161408
161421
161446
161460
161475
161522
161535
161588
161597
161608
161622
161659
161676
161689
161699
161706
161745
161767
161801
161817
161838
161853
161883
161894
161922
161947
161969
161980
161996
162008
162025
162039
162055
162072
162089
162113
162130
162151
162172
162219
162241
162273
162299
162323
162343
162364
162409
162449
162475
162496
162521
162540
162564
162620
162642
162656
162668
162692
162726
162741
162754
162780
162790
162805
162819
162829
162885
162911
162935
162965
162988
163007
163041
163063
163104
163121
163154
163188
163212
163230
163248
163267
163284
163356
163379
163394
163418
163434
163460
163490
163515
163537
163571
163600
163634
163666
163683
163701
163721
163737
163752
163796
163813
163837
163854
163868
163883
163910
163932
163947
163970
163989
164026
164046
164079
164103
164128
164144
164161
164184
164245
164262
164273
164300
164320
164362
164380
164390
164419
164432
164442
164454
164462
164479
164494
164505
164517
164532
164548
164558
164571
164594
164622
164646
164665
164699
164717
164742
164774
164804
164827
164854
164896
164947
165001
165041
165076
165124
165173
165218
165258
165306
165351
165424
165458
165493
165543
165596
165640
165689
165728
165762
165814
165859
165889
165927
165997
166025
166047
166076
166117
166151
166168
166187
166209
166229
166244
166268
166284
166297
166312
166325
166336
166351
166384
166405
166432
166448
166482
166490
166498
166509
166532
166548
166563
166579
166616
166629
166636
166645
166659
166669
166692
166700
166717
166732
166760
166786
166804
166815
166839
166858
166873
166910
166954
166988
167014
167032
167045
167064
167146
167165
167211
167225
167255
167284
167305
167325
167345
167379
167409
167460
167481
167505
167531
167554
167577
167604
167636
167654
167690
167711
167743
167763
167779
167797
167816
167842
167857
167877
167895
167911
167926
167952
167972
167986
168004
168041
168063
168072
168107
168125
168136
168144
168166
168177
168183
168201
168221
168246
168259
168265
168268
168274
168275
168289
168308
168320
168329
168331
168333
168335
168392
168398
168407
168417
168421
168425
168442
168461
168467
168486
168519
168536
168559
168577
168597
168610
168628
168651
168727
168759
168821
168853
168879
168924
168961
169025
169079
169102
169124
169156
169189
169215
169241
169264
169298
169320
169360
169387
169444
169474
169506
169540
169563
169584
169629
169650
169671
169697
169758
169781
169807
169829
169857
169887
169917
169952
169991
170022
170072
170106
170175
170200
170246
170280
170307
170344
170369
170402
170429
170458
170481
170502
170539
170559
170581
170606
170640
170663
170708
170744
170769
170821
170855
170882
170907
170939
170987
171008
171040
171067
171096
171127
171153
171174
171223
171243
171286
171321
171350
171369
171386
171408
171425
171453
171476
171506
171528
171571
171597
171616
171651
171679
171716
171728
171740
171752
171769
171786
171807
171832
171857
171885
171931
171956
171969
172008
172018
172027
172037
172047
172076
172085
172091
172112
172129
172141
172162
172165
172180
172183
172196
172246
172250
172260
172271
172273
172277
172283
172287
172292
172299
172308
172312
172345
172364
172372
172392
172419
172463
172491
172513
172531
172559
172599
172613
172634
172654
172674
172701
172725
172760
172774
172834
172858
172875
172890
172905
172919
172937
172955
172972
173003
173062
173080
173102
173119
173140
173187
173210
173224
173242
173256
173279
173292
173316
173416
173445
173485
173501
173516
173532
173577
173592
173608
173631
173643
173662
173692
173715
173729
173745
173757
173769
173783
173801
173827
173847
173858
173871
173884
173895
173919
173950
173963
173983
174005
174024
174039
174051
174090
174103
174114
174134
174145
174169
174196
174216
174226
174238
174242
174250
174262
174275
174289
174294
174312
174315
174334
174345
174371
174374
174381
174398
174403
174434
174442
174450
174456
174483
174495
174525
174532
174543
174554
174565
174583
174601
174614
174633
174651
174696
174714
174733
174749
174773
174796
174829
174864
174887
174925
174956
175021
175047
175106
175152
175196
175224
175265
175293
175319
175349
175421
175442
175485
175516
175541
175615
175635
175666
175690
175704
175730
175753
175767
175784
175796
175814
175843
175852
175889
175899
175933
175967
175997
176019
176029
176051
176065
176076
176099
176111
176138
176158
176173
176184
176209
176220
176242
176258
176270
176308
176363
176375
176403
176436
176455
176466
176488
176520
176527
176545
176556
176568
176603
176620
176622
176625
176634
176641
176653
176659
176668
176673
176724
176735
176750
176795
176823
176850
176900
176910
176930
176942
176960
176974
177029
177072
177093
177102
177122
177146
177171
177206
177240
177258
177282
177310
177324
177394
177437
177450
177481
177495
177539
177556
177574
177590
177612
177632
177652
177673
177703
177725
177751
177779
177831
177853
177894
177918
177943
177977
178046
178086
178113
178159
178186
178252
178294
178334
178369
178385
178414
178444
178459
178480
178492
178505
178528
178544
178556
178570
178585
178593
178603
178611
178632
178650
178656
178662
178664
178668
178682
178691
178724
178724
178753
178761
178771
178782
178797
178822
178842
178859
178878
178911
178941
178957
178998
179008
179041
179117
179128
179144
179174
179200
179217
179228
179239
179267
179283
179317
179338
179365
179382
179409
179434
179460
179479
179507
179537
179557
179575
179596
179613
179636
179680
179700
179731
179747
179819
179844
179861
179905
179969
179982
Arrival times
20
35
55
61
86
90
106
127
139
153
176
196
251
262
275
293
309
338
343
353
368
380
394
410
415
419
431
449
478
521
553
581
620
649
662
696
710
729
753
778
791
808
829
846
857
893
905
925
951
998
1019
1079
1121
1139
1168
1192
1213
1236
1259
1293
1314
1420
1450
1470
1511
1534
1571
1594
1616
1634
1685
1722
1756
1802
1822
1853
1872
1890
1916
1960
2024
2075
2107
2167
2205
2249
2293
2339
2405
2438
2491
2536
2608
2657
2691
2724
2768
2827
2857
2897
2926
2954
3003
3050
3076
3102
3134
3160
3203
3234
3258
3296
3342
3375
3398
3427
3456
3503
3537
3584
3633
3658
3682
3709
3738
3757
3781
3806
3827
3861
3889
3906
3928
3962
3988
4085
4106
4137
4152
4172
4187
4210
4227
4240
4264
4290
4318
4355
4367
4401
4434
4453
4521
4544
4582
4590
4655
4672
4684
4741
4750
4781
4821
4832
4860
4876
4905
4929
4945
4978
5004
5040
5058
5079
5094
5133
5171
5187
5195
5217
5232
5247
5294
5307
5377
5394
5407
5426
5434
5437
5447
5457
5487
5492
5502
5528
5536
5555
5570
5583
5586
5599
5600
5603
5611
5612
5627
5674
5689
5717
5721
5725
5754
5792
5817
5839
5863
5870
5898
5912
5939
5955
5984
5994
6003
6016
6038
6050
6072
6084
6095
6122
6137
6166
6180
6203
6234
6250
6302
6381
6408
6430
6490
6522
6552
6577
6621
6649
6682
6744
6795
6850
6893
6966
7030
7067
7137
7185
7232
7276
7313
7341
7404
7428
7462
7501
7522
7539
7585
7628
7659
7676
7696
7721
7740
7791
7812
7823
7840
7858
7901
7924
7936
7962
7995
8022
8074
8121
8139
8161
8209
8231
8267
8295
8324
8344
8389
8415
8435
8462
8499
8537
8578
8601
8650
8697
8729
8759
8847
8878
8942
9003
9036
9081
9118
9145
9172
9244
9299
9333
9358
9401
9419
9437
9451
9485
9526
9540
9552
9571
9625
9656
9667
9686
9702
9709
9724
9776
9811
9836
9851
9889
9902
9914
9928
9940
9951
9971
10008
10036
10048
10064
10078
10089
10104
10124
10140
10160
10221
10242
10292
10341
10360
10370
10407
10441
10453
10480
10488
10534
10556
10582
10593
10603
10633
10655
10701
10707
10755
10781
10789
10804
10815
10824
10836
10866
10884
10900
10909
10923
10932
10946
11029
11044
11072
11084
11098
11111
11130
11144
11173
11197
11216
11231
11261
11279
11323
11379
11401
11421
11451
11481
11508
11525
11551
11590
11612
11632
11666
11699
11748
11781
11808
11826
11839
11892
11904
11923
11934
11950
11965
12006
12022
12039
12050
12066
12101
12126
12143
12214
12234
12265
12287
12299
12309
12325
12336
12365
12401
12412
12447
12455
12460
12469
12494
12514
12521
12537
12551
12562
12582
12593
12640
12652
12672
12712
12748
12760
12780
12804
12820
12832
12847
12857
12893
12913
12937
12981
12988
12997
13011
13019
13026
13061
13069
13087
13114
13135
13150
13154
13159
13162
13170
13176
13181
13194
13228
13234
13238
13242
13251
13253
13256
13261
13269
13285
13287
13295
13313
13320
13329
13343
13354
13369
13374
13384
13434
13449
13480
13508
13529
13551
13581
13605
13617
13638
13665
13718
13750
13772
13792
13834
13853
13875
13917
13969
13993
14027
14081
14108
14139
14159
14186
14211
14238
14379
14397
14419
14438
14455
14512
14531
14548
14570
14608
14632
14659
14691
14725
14760
14776
14833
14875
14905
14935
15001
15028
15041
15057
15081
15159
15201
15214
15236
15262
15272
15283
15297
15314
15335
15427
15450
15456
15518
15524
15571
15592
15597
15622
15685
15696
15731
15736
15745
15773
15776
15859
15876
15881
15895
15910
15912
15931
15952
15966
15983
16002
16004
16006
16006
16013
16022
16033
16056
16085
16098
16101
16110
16126
16145
16170
16199
16209
16238
16242
16247
16273
16340
16362
16428
16457
16471
16506
16528
16539
16604
16668
16737
16763
16795
16816
16857
16897
16924
16945
16984
17045
17081
17119
17158
17184
17207
17228
17248
17305
17344
17368
17435
17472
17489
17526
17541
17558
17580
17604
17626
17640
17661
17699
17714
17766
17835
17878
17918
17942
17949
17958
17973
17998
18006
18033
18064
18069
18079
18085
18099
18109
18122
18132
18142
18149
18177
18202
18210
18224
18232
18270
18301
18313
18336
18349
18366
18373
18381
18388
18403
18436
18465
18482
18514
18540
18550
18568
18588
18623
18637
18688
18706
18727
18751
18780
18803
18816
18845
18875
18893
18919
18934
18985
19019
19041
19062
19081
19124
19157
19182
19208
19243
19294
19319
19345
19372
19420
19461
19489
19518
19551
19598
19632
19667
19690
19724
19748
19775
19796
19818
19850
19886
19928
19972
19999
20060
20072
20089
20112
20135
20156
20188
20199
20223
20248
20293
20298
20330
20355
20361
20413
20424
20469
20486
20548
20559
20569
20586
20610
20622
20640
20676
20699
20749
20832
20851
20885
20923
20981
21011
21035
21059
21124
21148
21218
21241
21264
21277
21292
21310
21325
21361
21371
21386
21411
21443
21454
21475
21484
21503
21526
21532
21540
21556
21595
21616
21639
21663
21674
21681
21710
21717
21753
21767
21836
21850
21865
21884
21912
21942
21976
22004
22028
22046
22068
22102
22148
22206
22229
22273
22354
22409
22437
22461
22493
22533
22575
22608
22635
22666
22709
22740
22792
22823
22855
22886
22913
22940
22985
23026
23062
23142
23178
23212
23257
23312
23342
23393
23452
23526
23587
23620
23656
23687
23708
23728
23766
23797
23815
23837
23874
23899
23910
23927
23959
23978
24014
24059
24090
24135
24165
24171
24179
24186
24198
24218
24227
24234
24246
24270
24291
24328
24348
24354
24384
24397
24402
24435
24440
24446
24489
24496
24516
24538
24548
24589
24620
24674
24720
24739
24782
24788
24794
24814
24862
24877
24896
24908
24912
24937
24951
24958
24964
25001
25028
25034
25070
25075
25081
25090
25120
25144
25151
25169
25189
25202
25211
25216
25237
25279
25286
25309
25331
25343
25384
25402
25417
25436
25459
25467
25491
25516
25531
25556
25571
25582
25594
25602
25613
25622
25640
25673
25685
25698
25722
25729
25739
25760
25774
25792
25799
25811
25823
25879
25903
25920
25929
25956
25979
26021
26032
26079
26116
26151
26171
26189
26209
26228
26248
26262
26279
26353
26384
26415
26433
26469
26487
26520
26546
26590
26615
26637
26687
26716
26742
26773
26808
26847
26882
26924
26956
26988
27017
27102
27136
27165
27217
27247
27276
27339
27372
27393
27425
27449
27468
27487
27527
27554
27596
27656
27707
27719
27802
27814
27820
27831
27842
27851
27896
27910
27937
27940
27946
27973
27975
27980
27983
27995
28026
28048
28053
28093
28096
28108
28126
28135
28141
28180
28187
28200
28220
28246
28256
28275
28302
28322
28342
28355
28386
28440
28454
28480
28497
28529
28542
28566
28582
28594
28607
28634
28653
28685
28694
28705
28713
28756
28763
28792
28806
28850
28876
28905
28923
28925
28936
28996
29004
29014
29062
29068
29088
29099
29132
29149
29174
29185
29196
29203
29233
29245
29254
29270
29294
29334
29376
29392
29408
29433
29450
29478
29504
29525
29552
29580
29599
29620
29663
29687
29711
29748
29777
29838
29878
29921
29969
30033
30095
30129
30165
30196
30229
30262
30302
30341
30368
30391
30425
30450
30492
30521
30544
30567
30591
30646
30667
30678
30694
30735
30763
30777
30790
30829
30845
30852
30866
30907
30921
30956
30959
30960
30978
30991
30998
31002
31024
31037
31041
31048
31050
31077
31094
31102
31131
31142
31164
31208
31216
31233
31251
31313
31334
31369
31380
31412
31421
31429
31471
31488
31504
31519
31530
31539
31552
31560
31575
31621
31635
31657
31677
31698
31712
31739
31756
31778
31799
31819
31868
31947
31978
32004
32028
32058
32094
32123
32154
32215
32251
32290
32344
32363
32380
32406
32421
32435
32446
32469
32482
32522
32533
32542
32582
32608
32627
32630
32637
32644
32659
32692
32695
32707
32708
32722
32749
32765
32771
32777
32783
32800
32813
32839
32886
32900
32911
32960
32979
32994
33015
33043
33068
33110
33132
33157
33191
33219
33249
33285
33316
33350
33385
33430
33489
33576
33620
33658
33692
33767
33801
33832
33861
33916
33958
33980
34010
34032
34079
34111
34136
34162
34200
34228
34244
34268
34287
34309
34354
34373
34400
34431
34463
34496
34574
34658
34699
34736
34781
34839
34876
34918
34959
35012
35059
35102
35146
35185
35238
35270
35317
35361
35388
35443
35482
35542
35570
35615
35646
35684
35711
35761
35793
35821
35854
35928
35953
35964
35980
35992
36006
36056
36070
36088
36115
36145
36157
36171
36228
36262
36278
36305
36347
36376
36433
36453
36490
36570
36579
36587
36612
36644
36656
36671
36677
36690
36699
36715
36731
36776
36778
36793
36815
36825
36837
36850
36851
36862
36870
36955
36960
36969
36977
36990
36997
37019
37059
37075
37102
37111
37131
37163
37205
37213
37277
37300
37304
37308
37313
37318
37334
37344
37348
37359
37383
37396
37412
37425
37430
37435
37439
37444
37448
37450
37455
37460
37464
37488
37492
37550
37556
37580
37593
37605
37620
37641
37663
37691
37710
37732
37752
37814
37833
37874
37900
37921
37956
37995
38035
38077
38114
38156
38209
38249
38299
38325
38353
38398
38422
38439
38476
38561
38570
38589
38598
38631
38649
38661
38687
38704
38718
38723
38733
38754
38772
38792
38812
38886
38915
38957
38982
39006
39041
39078
39120
39162
39197
39235
39283
39354
39422
39460
39527
39576
39595
39619
39644
39671
39685
39705
39715
39734
39744
39761
39778
39786
39805
39828
39836
39851
39859
39905
39922
39959
39991
40011
40072
40109
40148
40179
40219
40271
40324
40432
40472
40519
40628
40663
40680
40693
40731
40744
40751
40764
40779
40803
40809
40820
40870
40885
40895
40906
40912
40919
40938
40956
40971
40986
41011
41031
41049
41077
41108
41153
41210
41283
41336
41395
41442
41507
41533
41574
41611
41629
41652
41667
41678
41699
41713
41724
41745
41769
41776
41787
41803
41815
41851
41866
41892
41913
41959
41981
42014
42056
42113
42154
42245
42287
42343
42383
42407
42445
42463
42495
42525
42543
42550
42586
42611
42621
42627
42650
42659
42677
42743
42759
42784
42827
42860
42897
42920
42948
42987
43010
43045
43106
43132
43158
43191
43249
43279
43304
43346
43390
43449
43477
43522
43564
43606
43652
43682
43725
43751
43769
43800
43832
43872
43889
43899
43933
43956
43968
43977
43997
44008
44036
44066
44076
44088
44105
44119
44143
44179
44228
44267
44315
44349
44383
44418
44437
44457
44471
44495
44514
44561
44585
44620
44642
44677
44697
44720
44750
44778
44828
44848
44874
44948
44962
44982
44991
45005
45049
45113
45134
45163
45168
45182
45220
45231
45256
45295
45338
45382
45419
45432
45440
45449
45513
45528
45558
45583
45625
45649
45666
45681
45708
45746
45770
45797
45851
45879
45912
45948
45972
45996
46027
46049
46074
46096
46145
46169
46199
46220
46240
46264
46286
46305
46377
46421
46439
46454
46468
46515
46555
46563
46585
46596
46611
46623
46655
46683
46705
46709
46729
46740
46742
46745
46749
46752
46761
46774
46805
46806
46834
46846
46850
46862
46891
46895
46901
46904
46913
46932
46969
46973
46997
47008
47020
47070
47107
47186
47251
47261
47273
47291
47303
47329
47342
47381
47393
47433
47444
47458
47491
47514
47543
47583
47599
47660
47691
47717
47745
47765
47836
47871
47889
47908
47935
47960
47983
48057
48081
48101
48125
48162
48200
48238
48265
48312
48341
48361
48407
48433
48477
48538
48553
48609
48666
48689
48713
48731
48757
48780
48790
48799
48810
48846
48860
48899
48901
48903
48907
48922
48927
48927
48931
48940
48940
48946
48977
49012
49021
49036
49117
49130
49144
49155
49164
49188
49214
49228
49253
49267
49289
49316
49330
49418
49436
49455
49479
49506
49536
49572
49604
49636
49677
49704
49732
49768
49792
49810
49857
49953
49981
50002
50020
50050
50077
50098
50126
50144
50159
50184
50201
50259
50298
50315
50342
50373
50389
50416
50441
50479
50501
50522
50551
50586
50621
50642
50683
50713
50744
50759
50774
50821
50843
50865
50888
50907
50921
50957
51013
51027
51041
51051
51065
51075
51090
51105
51138
51146
51165
51202
51242
51248
51251
51292
51305
51326
51375
51408
51417
51427
51433
51442
51461
51469
51476
51503
51524
51566
51593
51658
51677
51711
51726
51744
51789
51822
51846
51871
51891
51925
51952
51966
51976
51999
52014
52050
52065
52083
52114
52127
52157
52208
52253
52277
52284
52293
52311
52323
52342
52347
52353
52375
52381
52390
52396
52426
52444
52453
52478
52490
52512
52518
52524
52538
52560
52587
52596
52615
52627
52658
52678
52722
52741
52753
52769
52785
52806
52821
52850
52876
52893
52928
52947
52969
52986
53007
53039
53086
53150
53171
53234
53259
53288
53313
53347
53390
53437
53463
53480
53499
53519
53548
53569
53580
53591
53600
53610
53624
53660
53684
53697
53723
53729
53741
53770
53778
53786
53790
53802
53860
53880
53887
53901
53922
53931
53943
53976
53990
54008
54024
54063
54102
54130
54185
54208
54234
54268
54294
54313
54345
54383
54413
54476
54503
54518
54561
54576
54603
54632
54680
54698
54719
54735
54772
54800
54817
54864
54897
54930
54975
54996
55059
55076
55095
55126
55139
55157
55186
55203
55225
55250
55279
55294
55372
55390
55406
55436
55450
55476
55491
55510
55531
55559
55571
55599
55623
55667
55687
55695
55703
55716
55725
55745
55769
55782
55807
55839
55877
55900
55912
55923
55932
55951
55989
56008
56037
56063
56075
56099
56121
56135
56147
56174
56199
56214
56230
56247
56295
56331
56358
56376
56394
56423
56440
56458
56480
56503
56522
56554
56587
56639
56689
56720
56752
56778
56801
56823
56844
56878
56893
56934
56952
56981
56997
57027
57042
57069
57081
57108
57186
57202
57266
57278
57298
57307
57316
57329
57370
57428
57448
57470
57500
57532
57543
57561
57604
57649
57681
57697
57726
57754
57800
57881
57915
57929
57952
57974
57992
58012
58026
58096
58104
58152
58178
58186
58217
58230
58241
58251
58267
58286
58307
58317
58330
58345
58365
58383
58504
58530
58546
58567
58592
58615
58635
58654
58669
58688
58730
58748
58787
58810
58828
58847
58896
58920
58948
59008
59042
59095
59106
59119
59149
59157
59174
59232
59288
59294
59339
59369
59402
59413
59424
59445
59464
59516
59535
59557
59571
59617
59641
59669
59705
59730
59745
59771
59795
59834
59851
59897
59947
59974
60010
60036
60077
60103
60130
60149
60177
60217
60242
60271
60302
60323
60366
60394
60482
60530
60579
60608
60647
60709
60762
60789
60858
60929
60971
61016
61056
61088
61124
61172
61322
61351
61393
61426
61468
61503
61536
61576
61630
61683
61717
61771
61805
61880
61919
61998
62042
62078
62141
62185
62241
62279
62338
62383
62431
62476
62538
62606
62658
62723
62768
62801
62835
62871
62901
62932
62975
63009
63038
63089
63148
63188
63225
63261
63304
63333
63361
63389
63417
63441
63469
63497
63534
63554
63605
63649
63664
63693
63711
63723
63756
63766
63790
63812
63822
63833
63868
63944
63987
64007
64013
64022
64026
64077
64085
64087
64094
64119
64127
64133
64185
64201
64221
64243
64262
64274
64296
64322
64347
64389
64410
64440
64462
64475
64514
64577
64610
64639
64673
64717
64752
64775
64826
64865
64900
64942
64969
65017
65068
65109
65138
65183
65218
65240
65263
65284
65306
65341
65387
65422
65440
65479
65498
65513
65537
65614
65626
65636
65697
65712
65726
65737
65768
65780
65810
65833
65842
65873
65887
65896
65904
65919
65939
65952
65966
65974
65980
66014
66047
66055
66072
66112
66118
66142
66173
66189
66213
66226
66236
66245
66269
66286
66303
66329
66340
66353
66364
66377
66432
66449
66472
66495
66519
66549
66573
66639
66661
66687
66707
66746
66778
66806
66846
66881
66920
66968
66998
67036
67074
67129
67180
67208
67247
67282
67318
67346
67401
67426
67453
67484
67510
67532
67555
67582
67616
67643
67690
67716
67740
67767
67786
67803
67864
67881
67896
67916
67955
67974
68009
68026
68043
68066
68097
68137
68148
68163
68211
68222
68290
68308
68347
68382
68405
68415
68439
68448
68461
68478
68495
68510
68541
68547
68555
68585
68592
68665
68667
68670
68672
68679
68708
68719
68736
68744
68751
68762
68773
68787
68795
68810
68823
68835
68844
68856
68874
68890
68915
68924
68951
68976
68995
69005
69016
69047
69059
69076
69086
69104
69116
69133
69151
69171
69191
69256
69263
69275
69283
69325
69344
69351
69354
69385
69425
69437
69459
69487
69496
69506
69522
69545
69562
69589
69609
69646
69670
69693
69709
69734
69748
69770
69788
69804
69819
69857
69876
69908
69923
69936
69950
69967
70002
70099
70116
70139
70162
70175
70196
70212
70246
70286
70314
70333
70352
70388
70408
70436
70451
70466
70483
70531
70569
70584
70603
70629
70645
70667
70684
70709
70749
70766
70788
70813
70848
70918
70945
70976
71002
71047
71079
71112
71153
71177
71198
71223
71252
71274
71295
71317
71337
71365
71400
71418
71471
71493
71547
71560
71572
71594
71612
71628
71637
71650
71691
71715
71734
71827
71829
71853
71859
71895
71902
71926
71962
71980
72022
72046
72055
72057
72060
72066
72139
72164
72173
72186
72228
72239
72256
72262
72273
72286
72292
72302
72319
72341
72368
72381
72419
72446
72458
72486
72503
72529
72556
72596
72622
72642
72674
72770
72800
72824
72876
72904
72932
72972
73004
73046
73080
73115
73149
73179
73224
73252
73304
73333
73363
73431
73464
73490
73530
73555
73578
73691
73717
73745
73787
73824
73853
73887
73921
73950
73992
74020
74052
74079
74116
74145
74171
74202
74227
74250
74290
74331
74356
74393
74421
74442
74469
74485
74506
74548
74568
74583
74618
74641
74702
74717
74782
74820
74838
74855
74886
74907
74927
74946
74986
75020
75045
75064
75083
75104
75145
75200
75225
75251
75282
75312
75411
75491
75521
75551
75590
75653
75678
75707
75737
75787
75815
75846
75877
75912
75933
75964
75986
76012
76068
76090
76110
76142
76163
76221
76238
76258
76283
76326
76356
76400
76421
76472
76492
76509
76575
76597
76652
76721
76741
76749
76759
76771
76782
76794
76801
76822
76838
76876
76943
76957
77007
77026
77037
77050
77059
77086
77095
77104
77111
77121
77153
77164
77171
77195
77203
77250
77273
77295
77313
77339
77349
77489
77506
77533
77540
77578
77616
77642
77677
77688
77698
77722
77749
77770
77801
77819
77841
77863
77883
77916
77943
77971
77994
78015
78033
78051
78070
78104
78123
78151
78189
78261
78304
78332
78360
78387
78424
78521
78559
78588
78649
78689
78718
78762
78789
78816
78841
78884
78906
78931
78969
79051
79073
79092
79121
79143
79170
79191
79207
79246
79259
79272
79292
79314
79336
79351
79358
79366
79377
79402
79410
79429
79462
79474
79482
79494
79554
79565
79579
79608
79626
79645
79662
79682
79702
79736
79759
79788
79815
79836
79866
79892
79952
79978
80011
80055
80104
80144
80182
80226
80265
80293
80321
80372
80398
80428
80456
80496
80519
80548
80571
80606
80640
80665
80711
80750
80799
80864
80893
80915
80943
80966
80992
81017
81042
81058
81123
81155
81205
81260
81287
81326
81360
81394
81438
81468
81498
81540
81594
81641
81690
81744
81779
81821
81853
81905
81967
81995
82018
82063
82097
82140
82198
82232
82251
82349
82362
82378
82407
82426
82469
82495
82512
82541
82550
82580
82588
82596
82636
82656
82669
82689
82733
82752
82765
82788
82805
82877
82884
82899
82918
82933
82942
82967
82972
82978
82986
82995
83002
83014
83037
83046
83061
83065
83095
83104
83126
83137
83145
83153
83178
83205
83217
83230
83244
83274
83300
83342
83391
83432
83460
83493
83525
83606
83641
83670
83716
83735
83859
83879
83904
83922
83941
83967
83984
84002
84058
84079
84106
84130
84141
84158
84176
84202
84212
84224
84251
84258
84268
84285
84298
84317
84373
84391
84396
84403
84413
84419
84434
84439
84447
84468
84478
84483
84504
84528
84554
84575
84587
84595
84609
84621
84687
84724
84732
84763
84778
84788
84805
84813
84838
84849
84869
84877
84910
84924
84935
84970
84980
84989
85002
85052
85077
85089
85108
85131
85151
85193
85215
85239
85256
85279
85296
85323
85353
85372
85390
85406
85426
85464
85491
85509
85537
85585
85661
85688
85708
85722
85744
85758
85791
85815
85834
85856
85880
85916
85946
85974
86005
86018
86047
86061
86082
86097
86108
86134
86148
86182
86219
86244
86255
86264
86309
86352
86383
86421
86426
86439
86491
86531
86554
86596
86625
86632
86667
86675
86706
86718
86748
86761
86822
86849
86865
86889
86901
86940
86966
86999
87035
87049
87132
87161
87207
87239
87282
87294
87303
87318
87333
87354
87365
87382
87419
87425
87437
87470
87477
87501
87528
87551
87556
87572
87584
87601
87641
87653
87671
87681
87693
87707
87740
87754
87788
87820
87834
87847
87864
87901
87920
87937
87966
87986
88001
88019
88043
88058
88083
88120
88139
88166
88180
88213
88264
88292
88307
88331
88390
88405
88434
88468
88515
88531
88557
88577
88593
88632
88660
88678
88700
88730
88774
88806
88833
88853
88879
88898
88953
88973
88997
89044
89071
89096
89125
89150
89177
89216
89264
89292
89318
89359
89392
89479
89509
89538
89572
89606
89629
89658
89751
89775
89806
89829
89890
89927
89968
90000
90039
90064
90104
90129
90168
90203
90223
90248
90287
90311
90364
90389
90404
90438
90451
90463
90476
90525
90543
90556
90585
90600
90653
90676
90683
90697
90718
90771
90785
90822
90834
90842
90858
90874
90887
90919
90932
90939
90954
90984
91001
91019
91034
91069
91110
91115
91170
91178
91191
91196
91216
91222
91225
91251
91280
91288
91307
91330
91336
91341
91354
91361
91362
91377
91384
91387
91406
91430
91494
91498
91517
91531
91550
91572
91582
91616
91625
91639
91657
91673
91684
91695
91755
91790
91841
91853
91888
91935
91954
91972
91994
92036
92053
92094
92112
92164
92198
92230
92252
92276
92319
92364
92412
92448
92463
92476
92500
92558
92571
92583
92605
92627
92677
92696
92709
92720
92731
92754
92766
92796
92899
92975
93009
93051
93057
93061
93077
93078
93082
93085
93110
93114
93131
93143
93148
93156
93160
93164
93167
93178
93192
93220
93228
93238
93250
93279
93324
93341
93356
93383
93402
93423
93454
93537
93559
93626
93660
93698
93740
93773
93829
93866
93903
93943
93989
94049
94114
94146
94173
94251
94270
94293
94330
94365
94378
94400
94412
94442
94452
94474
94487
94517
94528
94536
94548
94559
94579
94673
94719
94732
94752
94763
94778
94801
94825
94857
94880
94918
94947
94976
95014
95039
95074
95114
95136
95155
95182
95203
95244
95297
95380
95405
95423
95448
95469
95487
95539
95568
95596
95620
95643
95661
95688
95715
95746
95776
95805
95830
95859
95881
95917
95946
95973
96050
96082
96113
96139
96203
96222
96262
96285
96301
96312
96326
96343
96380
96395
96416
96428
96444
96482
96501
96509
96517
96525
96552
96559
96572
96582
96608
96623
96626
96635
96636
96644
96669
96676
96677
96684
96697
96699
96700
96711
96728
96730
96800
96817
96825
96829
96838
96855
96866
96874
96897
96919
96935
96975
96995
97005
97076
97098
97121
97135
97146
97167
97198
97233
97274
97287
97311
97349
97387
97421
97437
97456
97475
97498
97520
97588
97609
97651
97675
97696
97724
97739
97760
97789
97843
97877
97898
97964
97980
97990
97999
98024
98040
98102
98114
98155
98170
98174
98200
98207
98214
98229
98236
98240
98240
98255
98257
98258
98267
98269
98285
98292
98301
98307
98322
98336
98365
98380
98392
98415
98425
98444
98485
98525
98549
98570
98580
98591
98606
98622
98652
98716
98732
98751
98775
98830
98901
98936
98998
99046
99125
99149
99183
99211
99238
99262
99279
99300
99359
99385
99429
99452
99469
99504
99522
99540
99567
99595
99618
99650
99676
99692
99711
99731
99755
99807
99858
99877
99892
99910
99934
99971
100004
100020
100046
100065
100096
100118
100135
100153
100215
100233
100254
100288
100335
100377
100405
100423
100446
100519
100541
100578
100602
100673
100689
100732
100748
100763
100828
100856
100882
100903
100934
100950
100973
100999
101013
101034
101046
101085
101105
101122
101201
101214
101225
101242
101252
101278
101315
101330
101344
101355
101368
101377
101399
101447
101485
101516
101564
101588
101604
101622
101640
101652
101680
101693
101728
101773
101787
101849
101863
101882
101898
101917
101931
101964
101982
102032
102048
102075
102106
102121
102183
102196
102214
102235
102264
102300
102315
102338
102361
102382
102396
102439
102459
102499
102520
102551
102602
102614
102642
102660
102684
102708
102721
102745
102757
102776
102786
102810
102830
102839
102847
102862
102895
102903
102913
102929
102959
102978
103016
103033
103045
103058
103094
103135
103150
103158
103176
103183
103193
103195
103217
103253
103293
103296
103331
103347
103369
103381
103389
103402
103423
103432
103444
103479
103516
103549
103577
103599
103621
103650
103666
103706
103722
103751
103802
103822
103875
103885
103903
103911
103923
103938
103971
104005
104025
104041
104049
104078
104111
104134
104154
104201
104250
104270
104292
104320
104333
104381
104406
104415
104441
104447
104468
104486
104497
104508
104526
104545
104575
104580
104586
104604
104615
104628
104637
104649
104654
104664
104692
104724
104736
104761
104825
104838
104866
104899
104916
104942
104991
105003
105051
105060
105087
105120
105140
105156
105185
105235
105260
105272
105315
105329
105356
105454
105468
105480
105489
105495
105515
105521
105568
105584
105625
105643
105649
105650
105682
105684
105693
105751
105759
105778
105785
105789
105795
105805
105864
105870
105903
105910
105922
105962
106022
106033
106095
106108
106122
106147
106162
106193
106258
106318
106342
106358
106382
106411
106423
106474
106485
106509
106541
106565
106580
106602
106629
106671
106680
106691
106702
106748
106799
106806
106867
106876
106914
106922
106994
107002
107003
107046
107081
107100
107132
107144
107163
107169
107180
107190
107226
107251
107258
107276
107298
107319
107327
107334
107370
107379
107402
107420
107433
107441
107461
107491
107510
107519
107526
107537
107558
107572
107584
107600
107614
107623
107633
107644
107651
107661
107691
107699
107736
107764
107779
107787
107806
107819
107832
107855
107879
107887
107920
107979
107995
108075
108093
108128
108142
108158
108173
108190
108221
108262
108289
108331
108363
108381
108406
108422
108445
108504
108525
108556
108608
108623
108658
108715
108789
108818
108857
108876
108895
108942
109010
109027
109053
109086
109103
109113
109128
109145
109166
109176
109210
109239
109263
109277
109292
109312
109320
109381
109411
109420
109425
109439
109465
109466
109480
109489
109513
109520
109530
109540
109555
109593
109603
109617
109628
109634
109656
109675
109692
109702
109711
109810
109834
109853
109873
109888
109910
109939
109964
110003
110034
110065
110095
110133
110161
110218
110244
110262
110307
110326
110346
110374
110406
110422
110458
110487
110505
110528
110544
110580
110614
110629
110646
110664
110686
110700
110718
110743
110760
110781
110802
110864
110907
110927
110946
110978
110984
110990
111015
111021
111068
111087
111091
111099
111106
111171
111183
111194
111209
111216
111242
111263
111278
111384
111397
111409
111424
111471
111498
111564
111684
111705
111723
111755
111772
111785
111863
111903
111946
111992
112006
112026
112051
112096
112131
112148
112181
112232
112249
112261
112293
112303
112357
112382
112391
112406
112415
112429
112460
112491
112495
112523
112528
112561
112587
112596
112599
112606
112609
112614
112642
112653
112709
112718
112742
112753
112790
112804
112818
112849
112860
112927
112954
112972
112989
113022
113043
113057
113077
113105
113118
113140
113205
113221
113255
113268
113283
113308
113326
113346
113385
113415
113498
113538
113570
113589
113609
113616
113631
113641
113666
113702
113727
113737
113743
113760
113767
113800
113820
113830
113895
113905
113919
113939
113953
113968
113978
114018
114030
114039
114071
114114
114127
114139
114155
114180
114190
114216
114233
114264
114282
114314
114370
114388
114440
114470
114490
114543
114569
114592
114617
114640
114666
114725
114777
114796
114815
114836
114921
114940
114973
115006
115042
115067
115105
115123
115159
115203
115237
115263
115278
115292
115331
115353
115363
115384
115409
115418
115436
115463
115504
115524
115552
115570
115588
115597
115626
115651
115704
115740
115750
115768
115805
115836
115905
115920
115945
115961
115977
115992
116015
116031
116050
116063
116109
116126
116134
116147
116187
116201
116227
116242
116285
116288
116318
116323
116325
116352
116392
116428
116448
116475
116494
116526
116533
116545
116652
116681
116700
116724
116740
116767
116788
116804
116840
116863
116882
116899
116929
117026
117045
117095
117119
117143
117164
117187
117210
117241
117267
117318
117333
117400
117429
117453
117468
117526
117554
117602
117628
117670
117700
117725
117741
117756
117775
117809
117838
117866
117889
117924
117968
117990
118040
118062
118081
118135
118150
118204
118220
118254
118291
118312
118326
118344
118378
118400
118418
118451
118502
118566
118585
118605
118645
118671
118708
118721
118737
118767
118780
118792
118833
118843
118852
118878
118894
118939
118973
118982
119000
119011
119032
119060
119075
119099
119113
119127
119136
119144
119155
119211
119223
119236
119244
119257
119277
119294
119309
119331
119354
119383
119397
119417
119437
119468
119482
119496
119511
119529
119565
119595
119630
119654
119701
119721
119792
119832
119859
119882
119904
119937
119998
120082
120120
120140
120165
120203
120259
120277
120307
120328
120341
120404
120433
120442
120471
120499
120530
120538
120551
120591
120610
120622
120629
120669
120724
120732
120746
120780
120846
120854
120905
120917
120942
120961
120989
121006
121022
121025
121037
121048
121052
121058
121066
121069
121084
121092
121098
121129
121137
121144
121151
121159
121211
121250
121288
121308
121317
121334
121345
121354
121369
121392
121402
121412
121433
121467
121496
121519
121537
121559
121619
121662
121683
121712
121731
121757
121807
121845
121896
121926
121979
122015
122050
122077
122116
122159
122206
122246
122272
122310
122344
122407
122432
122455
122515
122536
122563
122579
122618
122654
122667
122701
122724
122743
122785
122796
122816
122825
122837
122856
122867
122911
122917
122922
122931
123029
123042
123063
123122
123125
123134
123145
123158
123197
123208
123286
123326
123344
123355
123365
123377
123403
123411
123432
123440
123447
123476
123516
123522
123527
123531
123551
123591
123607
123623
123628
123633
123651
123657
123672
123689
123718
123727
123731
123752
123754
123787
123800
123803
123811
123856
123859
123866
123890
123908
123925
123950
123963
123982
124047
124055
124058
124063
124065
124075
124085
124093
124096
124137
124190
124202
124241
124262
124277
124302
124315
124395
124433
124445
124453
124467
124484
124548
124603
124639
124698
124720
124746
124794
124817
124852
124868
124889
124907
124930
125009
125047
125078
125135
125192
125244
125270
125308
125378
125449
125486
125521
125586
125663
125710
125782
125815
125847
125902
125938
125974
126038
126073
126107
126138
126174
126206
126233
126270
126303
126329
126359
126395
126456
126500
126533
126617
126653
126736
126757
126833
126880
126905
126923
126937
126981
127031
127047
127063
127092
127127
127141
127150
127158
127186
127196
127201
127243
127249
127285
127302
127322
127373
127413
127426
127435
127449
127470
127480
127493
127520
127543
127570
127581
127594
127615
127635
127704
127726
127740
127761
127788
127811
127847
127864
127908
127949
127984
128005
128026
128056
128083
128102
128119
128164
128182
128205
128220
128237
128255
128273
128288
128316
128331
128349
128364
128383
128398
128413
128447
128486
128503
128529
128545
128565
128605
128622
128660
128681
128708
128727
128747
128778
128803
128827
128850
128926
128984
129052
129079
129098
129111
129126
129174
129215
129245
129278
129356
129380
129468
129484
129526
129544
129563
129597
129627
129648
129717
129745
129790
129827
129885
129923
129973
130000
130037
130073
130113
130163
130189
130238
130317
130351
130380
130415
130440
130461
130485
130515
130539
130572
130691
130731
130758
130773
130817
130823
130834
130863
130893
130902
130918
130927
130938
130970
130987
131007
131017
131025
131046
131057
131068
131079
131094
131107
131119
131136
131150
131167
131185
131211
131224
131250
131263
131280
131295
131313
131335
131353
131390
131407
131432
131445
131466
131492
131523
131534
131560
131582
131639
131658
131675
131698
131714
131725
131745
131758
131775
131784
131817
131830
131836
131842
131858
131886
131912
131932
131993
131996
132009
132033
132046
132062
132068
132075
132106
132123
132170
132189
132221
132243
132259
132276
132294
132311
132377
132431
132461
132487
132510
132536
132566
132595
132620
132758
132780
132824
132900
132930
132954
133001
133024
133059
133081
133112
133146
133175
133194
133232
133266
133284
133308
133330
133375
133399
133412
133485
133512
133559
133570
133581
133616
133640
133654
133664
133731
133767
133777
133803
133816
133841
133857
133868
133902
133914
133931
133953
133976
133990
134006
134036
134058
134084
134109
134129
134166
134193
134208
134236
134274
134295
134316
134375
134409
134493
134553
134572
134596
134622
134649
134674
134690
134711
134749
134768
134786
134840
134853
134892
134916
134943
134970
134991
135010
135083
135102
135158
135203
135236
135265
135285
135320
135355
135386
135433
135461
135493
135517
135540
135561
135607
135633
135677
135699
135806
135847
135877
135907
135947
135969
136010
136085
136130
136155
136213
136245
136268
136300
136335
136360
136415
136440
136477
136504
136556
136586
136615
136647
136683
136721
136756
136805
136843
136880
136921
136976
137031
137086
137127
137168
137209
137250
137297
137338
137391
137441
137494
137526
137572
137596
137665
137695
137711
137732
137780
137812
137824
137916
137935
137944
137971
137981
137992
138031
138042
138065
138074
138086
138092
138103
138137
138155
138166
138189
138198
138208
138221
138249
138260
138278
138284
138290
138297
138318
138346
138357
138366
138400
138450
138462
138493
138510
138523
138562
138584
138605
138632
138660
138678
138734
138756
138790
138814
138862
138878
138892
138909
138924
138938
138949
138969
138981
138994
139009
139029
139073
139089
139104
139145
139163
139182
139202
139247
139297
139323
139352
139389
139408
139427
139501
139551
139576
139600
139626
139653
139712
139769
139807
139839
139883
139918
139951
139987
140028
140064
140103
140133
140164
140195
140235
140267
140297
140319
140342
140374
140401
140456
140483
140505
140522
140544
140561
140582
140605
140630
140646
140688
140741
140786
140823
140846
140878
140902
140928
140958
141006
141029
141054
141095
141140
141165
141198
141221
141261
141286
141330
141359
141382
141413
141432
141451
141495
141521
141540
141565
141593
141619
141640
141661
141695
141722
141765
141803
141831
141854
141886
141914
141947
141974
142002
142028
142070
142111
142144
142171
142201
142238
142300
142347
142391
142429
142461
142501
142543
142573
142628
142670
142706
142734
142775
142834
142899
142942
143003
143038
143088
143143
143175
143215
143243
143275
143296
143334
143357
143374
143388
143412
143432
143450
143495
143514
143525
143560
143583
143645
143695
143732
143758
143796
143801
143836
143852
143863
143886
143893
143904
143929
143940
143970
144008
144015
144045
144046
144072
144077
144078
144093
144111
144114
144115
144121
144127
144151
144154
144156
144170
144175
144181
144185
144200
144211
144222
144253
144260
144273
144285
144315
144345
144357
144378
144446
144464
144519
144531
144545
144558
144574
144597
144625
144639
144659
144671
144685
144697
144711
144723
144746
144767
144786
144797
144827
144841
144861
144877
144901
144913
144929
144949
144971
144996
145001
145023
145060
145066
145106
145134
145135
145145
145177
145268
145277
145308
145339
145354
145374
145391
145405
145430
145445
145459
145474
145498
145542
145558
145582
145622
145663
145679
145712
145734
145752
145775
145809
145835
145869
145890
145913
145938
145973
146028
146061
146090
146124
146145
146174
146212
146299
146321
146359
146389
146427
146469
146500
146540
146557
146584
146611
146642
146676
146710
146724
146743
146787
146807
146819
146838
146851
146865
146883
146895
146922
146975
147010
147033
147066
147078
147100
147109
147122
147136
147160
147176
147192
147208
147234
147264
147285
147303
147357
147375
147403
147432
147459
147493
147499
147504
147516
147526
147539
147550
147565
147571
147579
147587
147603
147656
147674
147685
147692
147733
147774
147784
147807
147821
147839
147845
147874
147913
147932
147978
147997
148016
148021
148027
148047
148064
148070
148088
148145
148155
148162
148176
148208
148213
148253
148269
148297
148328
148341
148360
148375
148387
148408
148420
148436
148455
148476
148499
148526
148544
148550
148566
148573
148590
148608
148614
148636
148652
148677
148692
148702
148708
148715
148728
148747
148776
148783
148809
148824
148899
148915
148952
148961
148976
149002
149056
149079
149089
149111
149118
149129
149139
149152
149158
149177
149183
149197
149201
149217
149221
149234
149253
149262
149267
149276
149290
149301
149386
149412
149429
149475
149484
149496
149504
149518
149538
149543
149550
149568
149579
149613
149630
149649
149678
149690
149713
149717
149731
149763
149768
149790
149816
149823
149871
149886
149895
149904
149912
149923
149940
149948
149957
149996
150003
150010
150019
150025
150053
150079
150086
150128
150149
150167
150180
150191
150201
150221
150239
150257
150273
150290
150310
150322
150346
150359
150391
150435
150456
150515
150540
150591
150616
150638
150663
150714
150754
150798
150829
150884
150920
150949
151032
151107
151166
151237
151288
151326
151363
151406
151442
151476
151521
151617
151650
151682
151717
151754
151822
151862
151915
151960
152000
152034
152080
152113
152141
152191
152273
152320
152346
152377
152446
152481
152512
152537
152568
152617
152660
152701
152789
152814
152860
152885
152931
152954
152978
153042
153092
153117
153172
153203
153227
153274
153309
153377
153423
153458
153490
153527
153551
153605
153717
153834
153895
153935
153963
153990
154028
154073
154133
154192
154282
154310
154358
154414
154473
154500
154526
154553
154632
154672
154694
154715
154758
154775
154796
154840
154858
154876
154893
154914
154924
154979
154986
155001
155037
155044
155050
155055
155060
155082
155085
155139
155155
155159
155202
155206
155210
155215
155235
155241
155248
155261
155273
155303
155317
155338
155398
155408
155424
155430
155439
155448
155491
155517
155522
155528
155560
155622
155659
155672
155706
155722
155729
155735
155751
155767
155782
155802
155812
155854
155870
155888
155910
155938
155949
155956
155984
156011
156024
156045
156057
156076
156099
156116
156147
156185
156212
156229
156259
156272
156287
156328
156404
156423
156444
156464
156494
156512
156574
156610
156631
156660
156683
156748
156773
156807
156862
156889
156933
156991
157042
157084
157127
157197
157240
157306
157349
157388
157428
157485
157565
157605
157649
157683
157742
157773
157813
157839
157879
157909
157929
157978
157999
158023
158058
158096
158153
158195
158205
158213
158227
158235
158253
158264
158273
158295
158310
158326
158350
158357
158376
158386
158393
158409
158436
158447
158456
158469
158487
158498
158513
158558
158585
158609
158624
158662
158680
158706
158727
158749
158776
158800
158855
158885
158923
158995
159041
159072
159108
159153
159188
159246
159293
159337
159386
159433
159477
159513
159557
159655
159690
159717
159746
159784
159829
159869
159914
159948
159991
160045
160081
160120
160159
160195
160220
160249
160280
160312
160378
160405
160427
160458
160489
160519
160558
160583
160646
160675
160700
160727
160754
160798
160821
160854
160954
160978
161001
161054
161083
161105
161134
161153
161170
161191
161213
161232
161245
161256
161279
161292
161330
161349
161364
161376
161387
161414
161432
161493
161535
161538
161547
161558
161562
161566
161583
161618
161626
161662
161671
161700
161706
161715
161729
161756
161783
161826
161842
161858
161917
161926
161937
161954
161978
161995
162008
162024
162053
162090
162110
162124
162160
162178
162198
162249
162269
162296
162336
162362
162385
162400
162435
162448
162471
162496
162508
162527
162540
162557
162566
162608
162623
162639
162650
162668
162694
162720
162726
162744
162754
162804
162813
162834
162872
162896
162944
162972
162982
163004
163025
163037
163059
163078
163112
163134
163151
163167
163184
163198
163212
163233
163251
163285
163317
163331
163400
163415
163437
163455
163485
163520
163546
163588
163598
163683
163702
163713
163728
163755
163779
163795
163818
163840
163849
163861
163881
163926
163950
163957
163968
164002
164011
164053
164075
164088
164105
164134
164156
164163
164171
164184
164189
164235
164253
164275
164282
164306
164319
164343
164363
164366
164406
164410
164415
164430
164438
164479
164486
164520
164522
164528
164546
164549
164604
164608
164636
164641
164668
164695
164722
164726
164789
164820
164836
164854
164867
164877
164894
164920
164935
164946
164971
164980
165044
165069
165078
165098
165107
165135
165152
165162
165189
165202
165218
165232
165253
165268
165281
165294
165323
165342
165366
165434
165468
165491
165515
165532
165573
165591
165623
165658
165685
165707
165786
165827
165859
165902
165928
165973
166030
166085
166126
166151
166178
166224
166253
166301
166330
166362
166408
166445
166484
166521
166622
166649
166669
166705
166732
166749
166769
166789
166806
166822
166839
166911
166926
166947
166954
166960
166973
166983
166993
167022
167043
167052
167058
167065
167069
167091
167157
167165
167214
167275
167292
167329
167343
167369
167397
167416
167436
167461
167498
167528
167551
167623
167662
167688
167710
167731
167754
167773
167793
167817
167871
167922
167961
167974
167988
168000
168034
168048
168067
168081
168096
168106
168120
168159
168172
168184
168195
168230
168245
168256
168262
168271
168290
168303
168340
168362
168367
168387
168393
168408
168413
168434
168439
168447
168458
168479
168531
168606
168628
168645
168727
168740
168761
168770
168779
168797
168840
168850
168879
168896
168907
168937
168960
168979
168992
169054
169067
169094
169119
169144
169232
169268
169302
169332
169359
169414
169438
169461
169492
169528
169574
169610
169642
169673
169713
169789
169835
169868
169909
169956
169990
170030
170059
170091
170132
170156
170185
170222
170246
170271
170302
170332
170375
170401
170427
170455
170482
170502
170523
170545
170570
170587
170617
170648
170680
170698
170712
170735
170747
170773
170792
170817
170833
170849
170887
170909
170924
170972
170981
170991
171005
171036
171047
171058
171074
171090
171111
171119
171128
171171
171197
171221
171268
171275
171298
171316
171333
171342
171364
171378
171406
171421
171445
171451
171457
171492
171513
171548
171558
171589
171614
171622
171647
171658
171665
171687
171736
171758
171768
171805
171818
171825
171830
171872
171939
171961
171972
171976
171984
172001
172016
172040
172081
172091
172105
172120
172126
172132
172137
172146
172186
172191
172206
172229
172279
172286
172301
172358
172369
172390
172417
172423
172444
172451
172455
172464
172472
172481
172499
172504
172514
172566
172585
172591
172620
172640
172658
172713
172717
172726
172846
172865
172869
172876
172882
172895
172926
172932
172942
172967
172987
172994
173001
173014
173044
173054
173066
173087
173112
173116
173127
173132
173157
173169
173191
173212
173234
173239
173246
173261
173284
173345
173349
173357
173391
173395
173404
173408
173432
173457
173470
173481
173495
173525
173554
173564
173573
173585
173623
173632
173642
173650
173664
173675
173684
173777
173802
173821
173845
173873
173894
173927
173961
173983
174018
174062
174098
174167
174241
174267
174301
174323
174344
174384
174401
174417
174433
174456
174527
174551
174593
174614
174642
174685
174707
174735
174763
174772
174829
174864
174887
174925
174955
175021
175046
175106
175152
175196
175224
175256
175279
175298
175325
175342
175398
175412
175432
175456
175469
175493
175534
175549
175560
175579
175589
175599
175692
175712
175723
175727
175728
175739
175749
175764
175796
175806
175830
175838
175853
175861
175899
175911
175920
175971
175979
176005
176026
176074
176083
176092
176112
176126
176170
176222
176249
176271
176285
176324
176362
176375
176397
176421
176433
176442
176461
176468
176517
176544
176554
176604
176612
176622
176633
176641
176668
176724
176735
176746
176795
176816
176849
176865
176887
176909
176933
176960
176974
177029
177054
177076
177095
177122
177146
177171
177206
177221
177235
177282
177304
177321
177394
177406
177435
177472
177480
177509
177517
177530
177545
177556
177594
177600
177630
177641
177675
177685
177710
177729
177762
177774
177797
177829
177864
177886
177901
177923
177984
178020
178064
178100
178133
178157
178198
178220
178244
178275
178293
178349
178364
178401
178432
178463
178491
178509
178520
178532
178550
178557
178567
178588
178610
178618
178626
178636
178640
178657
178663
178706
178735
178748
178758
178784
178794
178813
178822
178832
178860
178881
178891
178909
178930
178953
178965
178986
179010
179029
179043
179087
179105
179126
179161
179212
179231
179264
179286
179307
179328
179362
179382
179419
179449
179469
179516
179537
179562
179598
179622
179680
179700
179722
179742
179819
179844
179861
179905
179969
179982
