Sent packets 231
Processed packets 219
Holding times
9
23
39
47
57
72
84
98
105
142
144
155
163
170
182
191
200
223
246
253
262
275
325
360
379
393
406
424
443
490
516
551
574
617
655
696
760
816
877
920
965
1019
1084
1153
1205
1265
1323
1382
1437
1502
1588
1637
1731
1798
1844
1893
1936
1979
2029
2065
2096
2123
2184
2213
2257
2279
2299
2369
2406
2438
2471
2492
2518
2548
2563
2590
2606
2632
2649
2665
2701
2736
2751
2775
2798
2816
2833
2853
2881
2905
2930
2955
2983
3009
3045
3067
3093
3124
3158
3184
3211
3245
3278
3342
3422
3460
3515
3556
3600
3652
3700
3754
3824
3885
3953
4055
4143
4214
4291
4396
4457
4541
4604
4695
4763
4840
4911
4975
5037
5107
5218
5274
5327
5395
5463
5512
5575
5619
5660
5698
5739
5806
5859
5910
5948
5977
6014
6052
6090
6124
6161
6201
6245
6286
6310
6348
6376
6403
6434
6463
6494
6546
6574
6603
6628
6668
6699
6727
6766
6822
6856
6888
6928
6962
7003
7053
7095
7142
7194
7244
7293
7356
7414
7469
7537
7594
7721
7793
7850
7903
7951
8002
8049
8101
8172
8241
8297
8341
8393
8458
8503
8558
8617
8668
8738
8801
8863
8933
8996
9066
9139
9229
9328
9419
9510
9620
9748
9853
9991
Arrival times
9
23
32
35
46
72
72
72
98
105
135
141
144
152
179
190
195
223
246
253
262
275
325
360
379
391
397
416
443
490
500
515
542
570
588
605
622
666
690
714
744
766
886
922
966
1010
1057
1097
1138
1236
1274
1303
1370
1404
1430
1455
1486
1520
1550
1575
1598
1627
1659
1684
1715
1746
1798
1833
1883
1908
1935
1966
2000
2029
2089
2116
2145
2171
2206
2257
2305
2345
2375
2399
2422
2482
2506
2555
2576
2598
2633
2674
2748
2772
2820
2869
2928
2960
2993
3044
3078
3114
3190
3274
3326
3371
3435
3490
3538
3588
3640
3697
3757
3818
3883
3954
4025
4107
4188
4307
4392
4476
4565
4644
4763
4840
4911
4975
5037
5107
5218
5274
5327
5395
5463
5512
5575
5619
5660
5698
5739
5806
5859
5910
5948
5977
6014
6052
6090
6124
6161
6201
6245
6281
6310
6348
6376
6403
6426
6460
6494
6521
6543
6567
6610
6638
6671
6703
6726
6771
6814
6847
6873
6904
6946
6978
7025
7102
7120
7148
7179
7210
7236
7275
7329
7346
7374
7395
7436
7455
7476
7514
7547
7571
7619
7647
7671
7688
7737
7766
7813
7827
7894
7939
7993
8029
8052
8061
8097
8130
8144
8175
8199
8232
8291
8316
8336
8350
8363
8386
8470
8515
8575
8596
8644
8668
8702
8725
8754
8804
8852
8883
8918
8957
9011
9054
9146
9200
9262
9330
9397
9493
9582
9692
9814
9931
