Sent packets 206
Processed packets 211
Holding times
9
105
124
133
149
190
205
211
244
254
265
269
276
330
347
362
388
417
428
440
456
470
482
495
508
532
550
569
598
615
638
662
688
716
744
781
833
876
919
957
1004
1049
1095
1140
1186
1229
1271
1315
1355
1400
1439
1488
1532
1567
1618
1653
1697
1736
1804
1845
1894
1930
1969
2026
2070
2112
2170
2229
2276
2337
2383
2436
2504
2572
2668
2729
2800
2866
2936
3017
3090
3207
3292
3380
3461
3587
3672
3778
3884
3995
4098
4195
4314
4396
4480
4568
4656
4725
4795
4867
4923
4977
5028
5083
5144
5188
5266
5339
5375
5411
5440
5467
5497
5526
5555
5597
5618
5639
5662
5687
5709
5740
5765
5792
5822
5860
5898
5927
5942
5963
5985
6003
6018
6058
6074
6099
6134
6159
6173
6203
6233
6261
6308
6338
6353
6378
6395
6422
6460
6484
6500
6524
6557
6575
6593
6626
6660
6683
6706
6749
6773
6802
6828
6858
6909
6951
6982
7008
7040
7080
7114
7160
7189
7222
7250
7307
7340
7372
7419
7458
7511
7560
7601
7643
7689
7739
7814
7852
7898
7952
8050
8166
8259
8342
8424
8523
8601
8703
8792
8848
8923
9018
9106
9208
9304
9390
9511
9608
9710
9815
9911
Arrival times
9
105
124
133
149
190
205
211
224
226
236
242
276
330
347
362
366
377
396
403
415
457
477
483
499
518
535
555
568
594
607
626
643
663
674
702
716
735
762
782
810
825
895
965
1011
1033
1065
1093
1116
1148
1174
1207
1234
1299
1337
1374
1412
1441
1485
1530
1554
1580
1603
1629
1667
1693
1713
1731
1765
1782
1826
1922
1947
1968
1990
2023
2053
2136
2147
2164
2177
2189
2202
2220
2239
2283
2310
2354
2381
2418
2442
2474
2495
2527
2565
2647
2669
2700
2732
2758
2797
2849
2884
2920
3006
3070
3136
3172
3211
3253
3290
3331
3369
3423
3467
3517
3584
3624
3669
3713
3754
3800
3856
3899
3980
4042
4087
4125
4171
4223
4257
4324
4414
4448
4488
4531
4572
4645
4701
4748
4795
4863
4930
4992
5043
5106
5160
5202
5243
5295
5354
5446
5491
5552
5608
5649
5696
5748
5806
5848
5885
5945
6039
6094
6161
6200
6245
6288
6374
6451
6517
6588
6673
6721
6783
6839
6906
6995
7054
7119
7189
7265
7347
7432
7511
7591
7689
7778
7864
7952
8050
8166
8259
8342
8424
8523
8601
8703
8792
8848
8923
9018
9106
9168
9212
9254
9294
9350
9392
9451
9532
9585
9643
9720
9785
9828
9891
9976
