Sent packets 267
Processed packets 231
Holding times
9
17
21
30
34
63
99
122
132
190
205
211
228
242
245
254
260
276
291
337
404
456
501
564
591
659
704
733
758
791
835
871
913
995
1049
1120
1173
1235
1315
1375
1422
1474
1522
1585
1636
1696
1785
1847
1914
1951
1986
2021
2072
2120
2156
2195
2247
2267
2308
2328
2350
2376
2390
2412
2445
2464
2482
2500
2553
2590
2613
2648
2675
2706
2730
2748
2772
2792
2810
2830
2855
2879
2905
2938
2964
3009
3038
3061
3113
3147
3171
3224
3272
3336
3372
3403
3435
3494
3548
3618
3665
3720
3771
3828
3909
3974
4046
4116
4192
4261
4333
4403
4470
4579
4659
4704
4761
4818
4884
4956
5015
5098
5149
5185
5226
5291
5329
5442
5478
5507
5538
5566
5598
5646
5682
5708
5740
5765
5795
5822
5852
5881
5914
5945
5982
6014
6050
6078
6105
6143
6175
6202
6231
6290
6321
6350
6379
6414
6449
6480
6534
6571
6610
6652
6685
6737
6776
6829
6870
6906
6944
7006
7045
7087
7140
7183
7225
7297
7339
7402
7450
7495
7597
7639
7706
7757
7808
7846
7903
7948
7996
8031
8095
8121
8176
8196
8217
8238
8275
8298
8339
8367
8397
8455
8510
8535
8550
8560
8574
8587
8594
8603
8618
8635
8646
8661
8693
8704
8755
8817
8888
8958
9032
9113
9226
9387
9488
9600
9712
9879
9974
Arrival times
9
14
21
30
34
63
99
122
132
190
202
209
212
228
231
248
260
276
291
337
404
456
488
564
591
659
704
729
758
791
835
871
913
995
1049
1120
1173
1235
1315
1375
1422
1474
1522
1585
1636
1696
1785
1847
1914
1951
1986
2021
2072
2120
2156
2195
2217
2246
2279
2307
2350
2369
2387
2410
2434
2452
2470
2494
2553
2590
2612
2648
2675
2690
2709
2727
2745
2778
2793
2810
2830
2879
2901
2919
2946
2973
3009
3045
3070
3102
3149
3214
3260
3300
3339
3393
3427
3481
3548
3618
3664
3717
3771
3828
3909
3974
4046
4116
4192
4261
4333
4403
4470
4579
4638
4704
4761
4818
4884
4956
5015
5098
5149
5177
5226
5254
5277
5304
5330
5383
5432
5448
5461
5510
5530
5539
5545
5596
5603
5610
5644
5649
5659
5667
5675
5690
5713
5721
5805
5823
5840
5856
5880
5896
5907
5932
5953
5969
6004
6038
6071
6102
6126
6145
6189
6207
6245
6272
6291
6318
6342
6365
6389
6415
6443
6475
6505
6531
6559
6609
6646
6687
6718
6755
6793
6825
6861
6893
6929
6963
7015
7072
7114
7162
7222
7267
7353
7419
7494
7595
7674
7736
7812
7876
7934
7998
8062
8129
8194
8239
8289
8336
8399
8460
8505
8567
8622
8691
8755
8817
8888
8958
9032
9113
9226
9387
9488
9600
9702
9879
9971
