Sent packets 246
Processed packets 290
Holding times
9
16
35
44
93
106
118
134
144
157
171
178
202
204
208
233
245
258
262
292
300
324
333
358
367
389
419
432
474
492
502
513
527
553
577
609
630
660
681
721
749
777
800
841
892
924
981
1037
1077
1115
1152
1197
1231
1270
1313
1345
1401
1437
1466
1519
1544
1568
1593
1617
1640
1664
1716
1743
1786
1833
1875
1911
1954
1982
2009
2047
2078
2120
2147
2187
2212
2237
2261
2294
2327
2355
2381
2422
2446
2474
2507
2538
2574
2610
2635
2680
2703
2730
2761
2814
2844
2887
2920
2951
2983
3030
3065
3096
3131
3167
3204
3240
3276
3326
3373
3427
3475
3528
3582
3646
3714
3777
3856
3929
4003
4096
4187
4282
4373
4464
4560
4647
4724
4800
4865
4947
5017
5080
5156
5206
5264
5314
5386
5437
5484
5532
5571
5626
5669
5705
5745
5785
5819
5852
5883
5920
5955
5988
6019
6052
6083
6134
6179
6219
6253
6285
6316
6358
6381
6413
6459
6487
6509
6537
6575
6604
6651
6685
6719
6746
6769
6802
6843
6880
6940
6961
6983
7023
7046
7071
7097
7126
7160
7178
7206
7224
7263
7286
7314
7347
7382
7402
7420
7436
7451
7497
7528
7560
7600
7616
7631
7645
7670
7719
7744
7752
7766
7788
7798
7811
7816
7827
7836
7860
7871
7886
7889
7898
7902
7906
7910
7918
7921
7933
7946
7951
7958
7965
7972
7984
7999
8012
8025
8043
8053
8072
8081
8093
8104
8142
8155
8170
8195
8224
8238
8253
8269
8317
8344
8367
8380
8395
8423
8460
8497
8515
8561
8610
8636
8659
8681
8709
8734
8775
8805
8862
8904
8945
8988
9034
9104
9182
9275
9355
9433
9517
9611
9745
9873
9969
Arrival times
9
16
21
44
93
106
118
134
144
152
156
168
169
174
174
183
189
191
251
260
272
319
321
350
355
359
362
365
418
432
450
454
456
462
471
521
529
553
553
561
567
572
577
586
592
592
608
614
672
682
689
693
698
704
711
722
807
839
850
850
910
911
962
970
985
988
999
1017
1024
1028
1043
1048
1070
1080
1126
1143
1149
1156
1170
1230
1231
1231
1233
1238
1255
1294
1297
1299
1319
1334
1348
1353
1359
1362
1366
1392
1403
1405
1413
1417
1421
1432
1438
1439
1487
1490
1553
1567
1577
1586
1590
1621
1635
1644
1646
1658
1665
1704
1720
1749
1749
1753
1763
1780
1789
1797
1803
1813
1816
1820
1854
1869
1870
1892
1900
1901
1903
1910
1917
1948
1970
1971
1990
2015
2026
2033
2047
2056
2057
2069
2109
2109
2127
2157
2162
2204
2229
2274
2316
2344
2347
2348
2382
2400
2404
2444
2469
2477
2509
2529
2533
2536
2544
2556
2557
2575
2585
2591
2619
2638
2665
2665
2668
2680
2705
2706
2781
2781
2793
2795
2795
2810
2821
2839
2844
2873
2886
2887
2926
2926
2953
2969
3007
3013
3017
3050
3063
3065
3069
3104
3119
3136
3143
3152
3159
3180
3182
3183
3201
3212
3243
3311
3325
3334
3349
3352
3376
3395
3397
3408
3426
3429
3458
3464
3502
3518
3543
3573
3587
3604
3612
3656
3660
3676
3694
3704
3714
3734
3736
3737
3737
3745
3767
3779
3804
3808
3826
3863
3868
3871
3886
3888
3892
3932
3940
3957
3984
4007
4014
4017
4017
4018
4034
4036
4079
4084
4085
4102
4104
4107
4116
4123
4145
4155
4172
4184
4185
4215
4229
4277
4288
4296
4321
4327
4417
4418
4429
4435
4470
4484
4504
4508
4580
4583
4585
4604
4616
4645
4655
4670
4674
4674
4699
4712
4746
4750
4750
4820
4822
4824
4832
4843
4862
4881
4895
4955
4956
4958
4967
4967
4988
4992
5001
5012
5034
5050
5055
5059
5059
5138
5145
5152
5169
5179
5182
5196
5210
5218
5232
5232
5233
5244
5247
5252
5258
5271
5275
5276
5276
5282
5286
5296
5299
5304
5310
5323
5365
5368
5421
5426
5462
5480
5496
5525
5545
5555
5556
5559
5568
5584
5588
5602
5621
5623
5626
5633
5643
5656
5660
5716
5723
5728
5747
5788
5794
5794
5804
5805
5814
5828
5835
5842
5842
5842
5873
5914
5922
5929
5980
5988
6076
6080
6080
6092
6101
6119
6132
6147
6209
6240
6245
6249
6255
6257
6260
6269
6274
6319
6327
6336
6338
6339
6344
6352
6367
6399
6423
6444
6473
6480
6495
6502
6508
6508
6514
6518
6535
6558
6588
6608
6644
6661
6689
6700
6707
6712
6749
6770
6771
6800
6801
6828
6835
6847
6873
6889
6893
6913
6929
6934
6934
6945
6970
6983
6995
7067
7074
7079
7097
7098
7112
7118
7129
7172
7182
7240
7243
7262
7267
7285
7292
7296
7310
7310
7322
7343
7346
7357
7363
7376
7387
7389
7434
7456
7467
7479
7494
7496
7496
7509
7522
7532
7538
7549
7570
7570
7572
7611
7615
7619
7626
7628
7628
7633
7670
7676
7685
7692
7710
7728
7735
7800
7813
7815
7829
7870
7889
7907
7918
7919
7926
7935
7935
7954
7956
7980
7981
8017
8106
8144
8146
8159
8209
8215
8225
8235
8250
8279
8305
8317
8329
8371
8382
8391
8391
8415
8422
8484
8503
8514
8548
8555
8555
8590
8592
8599
8618
8619
8622
8661
8674
8704
8704
8718
8752
8753
8754
8759
8796
8800
8801
8841
8848
8862
8875
8884
8899
8911
8933
8936
8969
9015
9018
9050
9065
9070
9083
9157
9179
9187
9187
9197
9201
9206
9208
9277
9301
9315
9345
9418
9433
9442
9458
9461
9467
9518
9527
9545
9555
9581
9586
9610
9650
9672
9678
9681
9688
9725
9747
9765
9776
9778
9779
9779
9788
9792
9806
9819
9830
9876
9876
9881
9892
9900
9901
9906
9913
9914
9927
9969
9979
9979
9980
9993
9994
9997
