Sent packets 0
Processed packets 245
Holding times
9
36
78
81
94
103
127
157
176
180
197
198
215
221
227
264
267
271
276
284
289
290
302
325
330
354
373
401
423
437
461
471
493
498
504
526
577
613
681
745
758
781
853
883
906
942
976
1009
1039
1077
1097
1153
1179
1213
1239
1268
1295
1328
1360
1394
1426
1473
1514
1557
1615
1680
1737
1798
1875
1931
1992
2042
2096
2143
2185
2229
2266
2334
2393
2428
2467
2520
2553
2597
2634
2666
2702
2728
2762
2794
2820
2877
2901
2955
2986
3026
3044
3065
3101
3126
3163
3186
3202
3236
3306
3330
3350
3371
3391
3408
3444
3499
3522
3574
3602
3628
3654
3699
3730
3768
3797
3852
3886
3932
3967
4004
4054
4091
4132
4179
4213
4243
4280
4317
4353
4379
4407
4472
4509
4536
4564
4606
4642
4685
4723
4766
4829
4873
4923
4972
5035
5093
5159
5223
5301
5369
5438
5511
5579
5642
5705
5763
5835
5905
5964
6019
6088
6149
6207
6255
6334
6398
6456
6502
6549
6595
6668
6722
6775
6836
6908
6958
7029
7086
7197
7265
7318
7368
7419
7472
7529
7592
7651
7716
7773
7830
7900
7946
8004
8055
8101
8145
8212
8293
8359
8402
8458
8499
8538
8601
8633
8661
8693
8721
8746
8775
8797
8835
8867
8901
8921
8945
8968
8975
8997
9006
9013
9041
9082
9136
9178
9225
9262
9298
9327
9363
9433
9477
9526
9584
9640
9719
9795
9872
9933
Arrival times
9
30
44
52
83
84
86
98
103
115
141
146
152
169
177
179
187
200
205
235
238
261
281
288
330
341
373
381
423
437
461
471
478
485
498
521
577
613
681
745
758
781
853
883
903
942
967
1009
1039
1061
1097
1153
1167
1184
1239
1268
1295
1308
1316
1342
1347
1361
1382
1422
1441
1448
1461
1495
1510
1533
1549
1579
1640
1674
1696
1728
1805
1828
1855
1890
1917
1946
1980
2002
2024
2041
2070
2100
2137
2166
2197
2234
2250
2314
2339
2356
2378
2400
2454
2490
2512
2555
2592
2612
2628
2645
2701
2716
2733
2767
2796
2820
2857
2872
2888
2903
2932
2991
3014
3038
3058
3104
3125
3150
3191
3243
3266
3289
3334
3363
3434
3476
3525
3574
3629
3654
3683
3734
3773
3807
3865
3900
3941
3986
4020
4057
4092
4127
4180
4221
4248
4280
4319
4353
4384
4416
4458
4492
4543
4589
4641
4677
4716
4760
4810
4861
4916
4982
5039
5097
5168
5251
5381
5447
5515
5601
5686
5742
5800
5854
5916
6018
6073
6127
6184
6241
6307
6360
6426
6478
6544
6593
6663
6713
6788
6859
6913
6991
7060
7117
7194
7259
7392
7455
7522
7589
7658
7759
7852
7922
7989
8059
8127
8188
8264
8321
8396
8452
8549
8616
8686
8742
8818
8866
8911
8958
9001
9041
9082
9136
9178
9221
9262
9298
9327
9358
9388
9408
9441
9460
9481
9578
9608
9664
9697
9734
9776
9818
9848
9929
9971
9997
