Holding random
26
42
3
13
9
24
30
19
4
17
1
17
6
6
37
3
4
5
8
5
1
12
23
1
24
2
28
19
13
12
10
22
5
6
22
38
9
8
13
8
8
20
22
23
15
34
13
17
38
14
35
26
34
21
19
27
33
32
34
32
47
41
43
58
65
57
61
77
56
61
50
54
47
42
44
37
68
59
35
39
53
33
44
37
32
36
26
34
32
26
57
24
54
31
40
18
21
36
25
37
23
16
34
70
24
20
21
20
17
36
55
23
52
28
26
26
45
31
38
29
55
34
46
35
37
50
37
41
47
34
30
37
37
36
26
28
65
37
27
28
42
36
43
38
43
63
44
50
49
63
58
66
64
78
68
69
73
68
63
63
58
72
69
59
55
69
61
58
48
79
64
58
46
47
46
73
54
53
61
72
50
71
57
111
68
53
50
51
53
57
63
59
65
57
57
70
46
58
51
46
44
67
81
66
43
56
41
39
63
32
28
32
28
25
29
22
38
32
34
20
24
23
7
22
9
7
9
32
19
25
47
26
26
27
36
70
44
49
58
56
79
76
77
61
85
Arrival random
20
14
8
31
1
2
12
5
12
26
5
6
17
8
2
8
13
5
30
3
23
20
7
42
11
32
8
42
14
24
10
7
7
13
23
56
36
68
64
13
23
72
30
20
39
25
42
30
22
36
56
14
17
55
29
27
13
8
26
5
14
21
40
19
7
13
34
15
23
16
30
61
34
22
32
77
23
27
35
27
29
34
22
22
17
29
30
37
29
31
37
16
64
25
17
22
22
54
36
22
43
37
20
16
17
56
15
17
34
29
24
37
15
16
15
29
59
23
24
20
46
21
25
41
52
23
23
45
29
71
42
49
49
55
25
29
51
39
34
58
35
41
45
34
37
35
35
53
41
27
32
39
34
31
32
42
34
51
46
52
36
39
44
50
51
55
66
57
58
71
83
130
66
68
86
85
56
58
54
61
102
55
54
57
57
66
53
66
52
66
49
70
50
75
71
54
78
69
57
77
65
133
63
67
67
69
101
93
70
67
70
68
61
76
57
75
56
97
67
70
56
76
48
45
47
43
40
41
54
42
43
41
36
29
31
30
20
33
19
21
97
30
56
33
37
42
42
30
81
42
26
33
