Holding random
1
19
2
4
2
2
9
4
13
14
7
24
2
4
25
12
13
4
30
8
24
9
25
9
22
30
13
42
18
10
11
14
26
24
32
21
30
21
40
28
28
23
41
51
32
57
56
40
38
37
45
34
39
43
32
56
36
29
53
25
24
25
24
23
24
52
27
43
47
42
36
43
28
27
38
31
42
27
40
25
25
24
33
33
28
26
41
24
28
33
31
36
36
25
45
23
27
31
53
30
43
33
31
32
47
35
31
35
36
37
36
36
50
47
54
48
53
54
64
68
63
79
73
74
93
91
95
91
91
96
87
77
76
65
82
70
63
76
50
58
50
72
51
47
48
39
55
43
36
40
40
34
33
31
36
35
33
31
33
31
51
45
40
34
32
31
42
23
32
46
28
22
28
38
29
47
34
34
27
23
33
41
37
60
21
22
40
23
25
26
29
34
18
28
18
39
23
28
33
35
20
18
16
15
46
31
32
40
16
15
14
25
49
25
8
14
22
10
13
5
11
9
24
11
15
3
9
4
4
4
8
3
12
13
5
7
7
7
12
15
13
13
18
10
19
9
12
11
38
13
15
25
29
14
15
16
48
27
23
13
15
28
37
37
18
46
49
26
23
22
28
25
41
30
57
42
41
43
46
70
78
93
80
78
84
94
134
128
96
78
Arrival random
6
5
23
49
13
12
16
10
8
4
12
1
5
0
9
6
2
60
9
12
47
2
29
5
4
3
3
53
14
18
4
2
6
9
50
8
24
0
8
6
5
5
9
6
0
16
6
58
10
7
4
5
6
7
11
85
32
11
0
60
1
51
8
15
3
11
18
7
4
15
5
22
10
46
17
6
7
14
60
1
0
2
5
17
39
3
2
20
15
14
5
6
3
4
26
11
2
8
4
4
11
6
1
48
3
63
14
10
9
4
31
14
9
2
12
7
39
16
29
0
4
10
17
9
8
6
10
3
4
34
15
1
22
8
1
2
7
7
31
22
1
19
25
11
7
14
9
1
12
40
0
18
30
5
42
25
45
42
28
3
1
34
18
4
40
25
8
32
20
4
3
8
12
1
18
10
6
28
19
27
0
3
12
25
1
75
0
12
2
0
15
11
18
5
29
13
1
39
0
27
16
38
6
4
33
13
2
4
35
15
17
7
9
7
21
2
1
18
11
31
68
14
9
15
3
24
19
2
11
18
3
29
6
38
16
25
30
14
17
8
44
4
16
18
10
10
20
2
1
0
8
22
12
25
4
18
37
5
3
15
2
4
40
8
17
27
23
7
3
0
1
16
2
43
5
1
17
2
3
9
7
22
10
17
12
1
30
14
48
11
8
25
6
90
1
11
6
35
14
20
4
72
3
2
19
12
29
10
15
4
0
25
13
34
4
0
70
2
2
8
11
19
19
14
60
1
2
9
0
21
4
9
11
22
16
5
4
0
79
7
7
17
10
3
14
14
8
14
0
1
11
3
5
6
13
4
1
0
6
4
10
3
5
6
13
42
3
53
5
36
18
16
29
20
10
1
3
9
16
4
14
19
2
3
7
10
13
4
56
7
5
19
41
6
0
10
1
9
14
7
7
0
0
31
40
8
7
51
8
88
4
0
12
9
18
13
15
62
31
5
4
6
2
3
9
5
45
8
9
2
1
5
8
15
32
24
21
29
7
15
7
6
0
6
4
17
23
30
20
36
17
28
11
7
5
37
21
1
29
1
27
7
12
26
16
4
20
16
5
0
11
25
13
12
72
7
5
18
1
14
6
11
43
10
58
3
19
5
18
7
4
14
0
12
21
3
11
6
13
11
2
45
22
11
12
15
2
0
13
13
10
6
11
21
0
2
39
4
4
7
2
0
5
37
6
9
7
18
18
7
65
13
2
14
41
19
18
11
1
7
9
0
19
2
24
1
36
89
38
2
13
50
6
10
10
15
29
26
12
12
42
11
9
0
24
7
62
19
11
34
7
0
35
2
7
19
1
3
39
13
30
0
14
34
1
1
5
37
4
1
40
7
14
13
9
15
12
22
3
33
46
3
32
15
5
13
74
22
8
0
10
4
5
2
69
24
14
30
73
15
9
16
3
6
51
9
18
10
26
5
24
40
22
6
3
7
37
22
18
11
2
1
0
9
4
14
13
11
46
0
5
11
8
1
5
7
1
13
42
10
0
1
13
1
3
10
