Holding random
7
2
5
3
7
20
6
2
2
15
6
17
14
3
9
3
16
3
4
19
8
45
26
13
15
19
29
24
22
23
34
21
51
29
39
42
40
32
25
12
11
7
37
10
9
50
12
6
14
21
32
11
16
13
10
52
20
41
20
19
26
14
22
33
19
18
18
18
18
23
20
19
31
24
18
24
20
18
20
25
20
26
33
26
45
29
23
52
34
24
53
48
64
36
31
32
59
36
51
47
55
42
44
46
57
57
55
60
51
60
54
47
43
80
39
35
39
37
44
52
34
43
36
39
65
38
113
36
29
31
28
32
48
36
26
32
25
30
27
30
29
32
31
37
32
36
28
27
38
32
27
29
59
31
29
29
35
35
31
54
37
39
42
33
52
39
53
41
36
38
62
39
42
53
43
42
72
42
63
48
45
102
42
67
51
51
38
57
45
48
35
64
26
55
20
21
21
37
23
41
28
30
58
55
25
15
10
14
13
7
9
15
17
11
15
32
11
12
25
33
33
42
59
57
72
86
97
112
109
95
83
Arrival random
4
7
9
4
29
36
23
10
58
11
7
3
16
3
17
12
16
15
46
67
52
32
76
27
68
45
25
29
33
44
36
42
82
54
71
53
62
80
60
47
52
48
63
51
60
89
62
67
37
35
35
51
48
36
39
22
29
33
28
43
19
18
23
24
18
18
24
59
37
22
36
27
15
19
18
18
33
15
17
20
49
22
18
27
27
36
36
25
32
47
65
46
40
39
54
34
54
67
70
46
53
54
57
81
65
72
70
76
69
72
70
67
109
59
66
57
57
66
72
59
83
51
28
49
28
23
27
26
53
49
16
13
49
20
9
6
51
7
7
34
5
10
8
8
15
23
8
84
18
17
16
24
15
11
25
21
16
35
34
33
31
24
19
44
18
38
27
19
27
24
23
24
26
28
32
30
26
28
50
37
41
31
37
38
32
36
32
36
34
52
57
42
48
60
45
86
66
75
101
79
62
76
64
58
64
64
67
65
45
50
47
63
61
45
62
55
69
64
62
71
70
74
81
113
161
101
112
102
177
92
101
