Holding random
6
4
5
31
20
2
1
3
3
12
11
20
4
24
17
14
5
32
6
7
6
16
17
12
15
26
36
17
25
35
38
23
36
30
38
51
35
39
41
64
68
87
60
68
63
68
56
71
58
68
83
79
76
83
131
97
75
87
64
94
54
88
80
54
48
59
58
59
40
37
38
36
49
36
37
39
41
90
38
44
44
45
49
54
86
61
60
73
68
47
32
52
55
23
10
35
46
11
42
23
28
47
30
30
34
33
34
41
39
46
51
64
58
60
49
62
60
66
64
64
73
68
59
72
81
63
69
69
82
67
71
65
63
54
67
63
61
100
45
49
55
48
65
58
37
26
42
23
35
23
35
83
29
18
55
20
34
23
32
38
46
44
53
45
51
54
58
68
69
60
72
63
62
74
71
71
79
84
103
94
113
112
87
Arrival random
7
4
4
2
7
4
7
2
4
12
1
72
31
3
32
12
12
15
35
26
13
48
10
55
14
60
27
15
52
56
28
29
24
39
60
57
45
46
48
65
47
43
70
46
64
62
39
56
35
49
36
73
37
52
37
58
54
37
43
56
43
52
70
59
97
66
61
96
58
81
75
71
84
75
83
73
75
80
110
93
85
85
94
135
121
100
89
98
86
89
72
81
132
63
57
64
65
49
48
54
39
36
40
42
38
36
27
45
43
40
20
27
40
32
23
50
23
18
33
41
42
15
19
29
49
29
15
21
75
26
18
50
16
31
45
16
21
36
39
50
33
40
20
21
20
28
55
37
35
31
26
29
43
69
26
33
27
29
38
32
35
39
31
41
54
48
42
39
80
49
42
45
62
36
38
62
33
69
56
61
51
39
46
45
36
42
63
49
48
48
56
48
61
71
62
73
68
82
114
82
96
104
103
116
149
82
