Holding random
18
45
19
2
7
25
26
22
4
13
18
8
4
5
4
14
21
20
6
6
5
5
47
28
21
6
7
25
6
12
21
22
14
13
18
11
32
35
18
19
16
21
27
21
58
31
19
33
45
25
21
25
37
37
31
34
52
52
41
33
38
38
28
27
26
80
37
46
19
23
20
31
17
22
20
24
56
12
25
12
18
31
21
12
32
15
26
19
12
15
22
30
30
17
20
21
22
21
21
32
23
32
24
26
35
67
39
68
47
37
56
37
35
35
43
41
52
51
39
43
60
64
70
55
68
43
51
71
70
39
58
32
34
39
36
38
74
50
61
51
46
52
48
62
53
46
42
40
43
53
47
46
39
36
36
41
37
74
38
48
54
37
39
46
35
71
50
85
41
48
40
59
49
75
53
53
61
60
108
64
98
82
79
81
91
90
103
93
86
97
82
91
83
85
103
84
82
68
103
58
49
61
58
61
63
40
48
42
41
47
75
96
60
60
53
49
44
40
53
41
51
Arrival random
10
4
1
28
21
7
51
21
30
10
0
15
24
11
24
1
9
9
5
12
9
7
2
35
14
15
8
8
5
7
3
8
23
13
18
56
12
38
10
13
14
10
36
18
49
43
21
34
35
38
33
22
25
37
20
24
34
48
13
10
40
8
8
25
14
5
23
6
26
51
14
18
12
14
17
26
16
17
20
47
42
42
42
73
55
56
55
52
71
56
63
61
59
68
65
56
44
45
42
40
48
30
65
44
33
19
20
42
21
28
24
58
29
29
22
30
52
30
28
29
51
39
46
45
69
62
91
81
84
107
106
109
100
82
122
100
61
59
55
49
88
47
36
22
34
21
41
15
16
30
13
23
37
55
41
27
71
28
30
70
79
47
52
90
63
74
79
106
127
76
98
66
110
55
51
72
57
44
44
55
40
30
28
60
70
46
23
31
40
45
26
19
24
23
22
23
62
26
21
43
36
86
36
46
37
45
28
62
37
32
61
156
81
53
89
44
61
71
61
61
57
55
54
61
64
72
65
77
84
91
76
84
92
66
48
73
