Holding random
0
16
6
8
0
5
2
6
2
3
1
5
9
18
2
2
11
4
6
23
13
8
4
3
11
4
50
3
20
12
17
7
7
3
4
11
6
7
9
10
3
5
8
29
10
34
23
3
3
2
6
30
3
4
4
17
31
16
3
3
2
12
18
1
5
6
6
3
4
27
13
10
13
8
28
6
5
48
14
27
20
6
5
5
7
10
8
5
20
15
23
7
9
32
16
13
17
21
15
11
14
19
12
78
12
16
21
46
16
23
28
20
25
25
35
29
27
20
38
28
32
61
30
24
20
38
22
26
44
18
24
71
20
20
16
18
13
38
15
42
11
18
21
21
47
16
13
51
10
10
15
21
25
16
12
11
28
10
111
29
17
15
10
18
25
44
11
20
19
11
37
45
14
28
21
15
20
11
14
19
15
12
38
23
16
9
36
54
17
48
22
9
10
13
7
14
20
11
19
10
26
15
39
17
39
5
6
27
3
5
20
14
6
15
7
8
7
9
30
49
23
17
23
19
40
13
17
15
17
13
15
14
6
8
12
65
58
8
5
6
8
28
16
13
10
16
22
16
9
33
22
27
16
20
32
12
13
32
17
7
8
4
7
19
9
36
8
10
11
14
14
15
27
32
41
21
39
26
43
17
20
30
10
12
9
16
3
14
Arrival random
1
2
10
13
8
23
12
1
22
7
21
15
28
21
4
40
4
52
3
50
7
13
6
12
47
5
42
15
7
31
21
8
26
11
23
23
15
26
18
31
14
20
56
39
27
22
40
25
27
39
19
21
26
30
30
13
24
14
37
10
7
7
7
9
44
21
10
11
24
11
9
23
11
11
9
16
5
11
26
7
21
8
65
10
7
14
20
6
17
55
10
12
18
27
10
8
12
83
29
12
14
16
18
13
34
13
15
71
18
14
54
32
14
29
23
19
36
26
49
26
54
19
15
37
22
39
22
26
23
31
45
51
20
35
23
23
36
21
86
31
20
16
33
27
35
56
45
19
14
4
2
8
3
4
42
5
6
23
7
0
5
0
2
13
21
6
2
14
7
17
14
4
6
22
17
30
15
6
20
7
20
32
12
19
22
18
99
38
44
70
24
34
22
26
21
20
21
21
50
24
38
37
15
55
14
38
16
38
35
17
41
6
14
31
46
34
18
25
15
21
37
27
26
19
19
38
30
20
58
55
17
37
20
12
83
16
16
3
14
7
48
15
4
8
39
17
29
41
24
33
31
39
35
60
26
16
23
34
15
54
14
81
23
38
5
15
66
39
41
13
17
52
30
17
26
30
27
25
39
19
51
91
30
14
26
32
16
13
