Holding random
7
4
5
5
2
0
3
16
29
2
4
9
18
5
13
28
53
22
4
10
23
10
9
7
9
25
22
11
41
14
10
22
14
10
22
19
19
23
14
20
29
27
22
22
15
8
7
11
24
41
37
25
59
33
24
36
19
32
25
16
18
16
16
16
15
38
58
29
25
46
24
16
29
21
29
21
43
24
41
25
25
37
26
29
81
35
36
45
48
30
28
34
30
26
26
31
37
33
41
34
36
70
54
53
83
54
86
79
76
69
69
80
76
63
67
60
52
55
62
56
65
74
51
67
56
72
56
50
50
55
66
52
50
53
56
63
69
57
70
71
64
65
87
69
69
75
76
75
68
66
77
77
61
72
61
59
57
58
66
51
54
49
46
79
76
47
50
39
51
46
62
36
48
41
29
31
24
20
32
29
32
31
43
32
30
37
37
53
35
38
41
41
37
46
Arrival random
2
1
19
17
8
41
24
27
28
4
5
13
19
11
21
31
18
17
7
8
26
18
13
12
13
15
39
26
30
16
43
25
43
25
33
44
35
33
93
41
41
57
75
51
48
47
64
46
47
58
85
63
65
58
70
64
76
75
106
100
92
80
67
63
72
56
58
52
77
63
50
59
73
66
57
137
39
42
51
59
57
39
105
54
52
67
66
82
58
59
85
55
51
50
47
39
43
35
39
79
24
44
27
29
9
22
23
8
52
3
14
25
32
20
11
29
11
16
30
26
22
70
21
30
39
33
41
48
66
37
53
49
83
75
52
64
81
59
69
73
67
78
61
75
69
62
65
85
61
85
64
79
65
64
64
49
48
49
69
76
52
51
37
40
79
62
28
56
30
61
39
16
22
19
19
24
47
42
89
32
69
56
51
61
110
89
70
59
63
96
67
75
102
82
90
107
101
113
89
82
