Holding random
3
16
5
6
5
5
4
33
10
11
4
4
19
7
7
26
29
11
12
16
14
12
13
13
24
18
19
29
17
23
24
26
28
28
37
52
43
43
38
47
45
46
45
46
43
42
44
40
45
39
49
44
35
51
35
44
39
68
41
49
36
39
57
44
42
58
59
47
61
46
53
68
68
96
61
71
66
70
81
73
117
85
88
81
126
85
106
106
111
103
97
119
82
84
88
88
69
70
72
56
54
51
55
61
44
78
73
36
36
29
27
30
29
29
42
21
21
23
25
22
31
25
27
30
38
37
29
15
21
22
18
15
40
16
25
35
25
14
30
30
28
47
30
15
25
17
27
38
24
16
24
33
18
18
33
34
23
23
43
24
29
26
30
51
42
31
26
32
40
34
46
29
33
28
57
33
32
47
39
53
49
41
42
46
50
75
38
46
34
40
44
71
43
41
40
39
76
49
50
56
77
70
102
96
86
121
97
102
105
96
89
Arrival random
95
19
9
16
41
15
6
13
2
10
6
34
54
17
15
4
11
19
7
12
42
20
6
16
19
17
20
13
26
13
19
17
20
11
28
14
19
27
20
28
15
70
70
46
22
32
28
23
32
26
33
27
65
38
37
38
29
44
45
24
26
23
26
38
26
20
18
34
17
44
96
25
21
22
33
30
83
11
17
13
12
13
18
19
44
27
44
27
37
24
32
21
32
38
82
22
31
32
26
39
52
35
36
86
64
66
36
39
42
37
41
38
54
44
50
67
40
45
44
41
46
56
43
81
62
45
38
46
52
34
67
90
34
40
43
41
73
56
47
47
68
67
62
51
63
54
42
41
52
59
92
45
61
56
41
47
52
58
42
37
59
94
55
67
39
45
43
86
77
66
71
85
48
62
56
67
89
59
65
70
76
82
85
79
80
98
89
86
88
98
116
93
83
82
99
78
102
89
56
75
95
88
62
44
42
40
56
42
59
81
53
58
77
65
43
63
85
60
