Holding random
16
25
4
4
17
26
3
6
11
17
13
9
25
1
14
2
0
6
9
31
4
28
17
41
16
45
34
16
12
35
8
15
36
12
37
16
37
13
19
38
17
15
38
30
17
31
49
23
20
16
12
6
5
19
12
10
26
16
13
12
29
22
25
23
34
26
26
38
41
32
34
61
40
62
53
67
56
61
72
58
61
72
62
47
57
47
37
40
46
44
44
30
31
42
55
13
43
14
24
32
19
21
40
26
22
28
26
42
61
38
46
52
92
64
92
85
89
111
99
98
92
79
86
70
75
53
67
60
48
52
34
28
23
41
24
16
32
12
20
17
7
31
38
29
55
16
32
18
21
34
30
29
35
38
50
45
48
55
69
74
84
120
87
93
75
69
91
63
86
66
47
61
48
45
39
32
30
38
28
31
42
24
21
31
51
22
30
20
35
24
30
47
38
21
26
41
28
22
28
25
32
25
23
37
71
26
47
41
47
45
38
45
73
45
45
41
54
47
44
51
47
54
48
67
54
79
60
61
69
67
70
141
80
111
82
73
65
53
48
Arrival random
9
26
9
12
3
9
21
13
2
0
0
5
15
51
7
8
59
30
12
13
30
38
33
10
12
29
43
7
40
34
22
20
12
14
14
19
28
25
20
32
28
40
23
36
29
29
45
62
40
43
55
26
18
18
18
18
29
21
47
15
21
9
15
21
26
25
6
17
4
19
13
12
18
102
31
37
17
5
14
14
23
6
10
49
31
34
24
8
20
44
24
10
50
17
20
18
19
14
17
14
15
59
28
38
19
71
33
21
26
19
51
29
70
88
43
37
41
39
27
28
28
61
56
38
49
32
41
42
35
33
35
39
37
40
37
83
51
44
59
53
57
50
50
48
47
78
70
59
51
67
48
38
38
53
36
69
45
59
51
54
46
48
45
55
48
60
40
32
34
55
38
30
39
33
29
27
72
26
30
47
28
47
42
72
29
39
27
46
63
71
30
40
34
37
36
45
37
54
39
83
52
53
72
101
101
47
49
45
47
94
40
96
64
45
43
43
39
48
38
39
40
79
65
27
29
38
24
26
64
11
18
19
68
8
7
5
5
19
19
21
6
35
69
19
10
28
18
20
34
55
22
29
28
38
37
62
45
63
51
66
89
74
118
103
125
108
124
